2.152589599609375000e+03
4.854584960937500000e+03
3.855977050781250000e+03
1.206744873046875000e+03
2.330592773437500000e+03
3.009916503906250000e+03
2.264211914062500000e+03
9.180312500000000000e+02
1.262330566406250000e+03
1.900681884765625000e+03
1.682073486328125000e+03
9.338715820312500000e+02
7.718571777343750000e+02
1.284321777343750000e+03
1.321796997070312500e+03
8.928242187500000000e+02
5.822487792968750000e+02
8.540488281250000000e+02
9.949909057617187500e+02
7.873790283203125000e+02
5.151193237304687500e+02
6.409968261718750000e+02
8.000539550781250000e+02
6.779781494140625000e+02
4.658757934570312500e+02
5.264864501953125000e+02
6.436529541015625000e+02
5.480916748046875000e+02
4.024126281738281250e+02
4.836887207031250000e+02
5.424847412109375000e+02
4.243698730468750000e+02
3.706428222656250000e+02
4.547822570800781250e+02
4.311331176757812500e+02
3.335854492187500000e+02
3.810588989257812500e+02
4.020553588867187500e+02
3.195722961425781250e+02
3.330296630859375000e+02
3.608664855957031250e+02
2.955594482421875000e+02
3.078336181640625000e+02
3.236931152343750000e+02
2.699362792968750000e+02
2.911067810058593750e+02
2.899906005859375000e+02
2.523277282714843750e+02
2.770971069335937500e+02
2.520401306152343750e+02
2.440249481201171875e+02
2.558942565917968750e+02
2.260476074218750000e+02
2.434906768798828125e+02
2.223454284667968750e+02
2.257270660400390625e+02
2.195710296630859375e+02
2.103563079833984375e+02
2.150168457031250000e+02
1.983437957763671875e+02
2.075335998535156250e+02
1.920313873291015625e+02
1.987765197753906250e+02
1.849791870117187500e+02
1.906737976074218750e+02
1.784977874755859375e+02
1.835038604736328125e+02
1.729075469970703125e+02
1.764327087402343750e+02
1.691924438476562500e+02
1.692354431152343750e+02
1.658244018554687500e+02
1.606239929199218750e+02
1.634280090332031250e+02
1.561191711425781250e+02
1.570031127929687500e+02
1.539510955810546875e+02
1.498057861328125000e+02
1.501198730468750000e+02
1.464461975097656250e+02
1.431741790771484375e+02
1.438908386230468750e+02
1.403563537597656250e+02
1.370899505615234375e+02
1.374930114746093750e+02
1.356771240234375000e+02
1.328454132080078125e+02
1.314056396484375000e+02
1.321325988769531250e+02
1.312261047363281250e+02
1.279376220703125000e+02
1.249972610473632812e+02
1.240924224853515625e+02
1.247445983886718750e+02
1.253715133666992188e+02
1.272173995971679688e+02
1.266181106567382812e+02
1.289510192871093750e+02
1.297965850830078125e+02
1.345065002441406250e+02
1.394421691894531250e+02
1.427803649902343750e+02
1.419181976318359375e+02
1.352507324218750000e+02
1.328440399169921875e+02
1.325353698730468750e+02
1.374140930175781250e+02
1.433440551757812500e+02
1.438766479492187500e+02
1.387272949218750000e+02
1.329237518310546875e+02
1.298388061523437500e+02
1.328004760742187500e+02
1.415856781005859375e+02
1.446965637207031250e+02
1.377907409667968750e+02
1.340370483398437500e+02
1.330227355957031250e+02
1.354404602050781250e+02
1.360914916992187500e+02
1.357777099609375000e+02
1.320992736816406250e+02
1.297136535644531250e+02
1.295638427734375000e+02
1.348609924316406250e+02
1.369633941650390625e+02
1.336141815185546875e+02
1.284389648437500000e+02
1.256079177856445312e+02
1.264129867553710938e+02
1.298121032714843750e+02
1.333877563476562500e+02
1.330514221191406250e+02
1.276958923339843750e+02
1.234972915649414062e+02
1.221068267822265625e+02
1.256721496582031250e+02
1.330754394531250000e+02
1.334001770019531250e+02
1.265629882812500000e+02
1.186185379028320312e+02
1.161593475341796875e+02
1.196581497192382812e+02
1.279305114746093750e+02
1.338073425292968750e+02
1.306119995117187500e+02
1.189592437744140625e+02
1.135608215332031250e+02
1.159393005371093750e+02
1.260218124389648438e+02
1.345275268554687500e+02
1.285805206298828125e+02
1.160867462158203125e+02
1.107047576904296875e+02
1.126568450927734375e+02
1.257469177246093750e+02
1.320839385986328125e+02
1.216210327148437500e+02
1.115182342529296875e+02
1.089082565307617188e+02
1.176238250732421875e+02
1.302478179931640625e+02
1.262625961303710938e+02
1.139541854858398438e+02
1.063212127685546875e+02
1.088194808959960938e+02
1.210415802001953125e+02
1.320623321533203125e+02
1.199741592407226562e+02
1.064071426391601562e+02
1.032229614257812500e+02
1.105895690917968750e+02
1.255483856201171875e+02
1.291402893066406250e+02
1.127971115112304688e+02
1.015151519775390625e+02
1.027193450927734375e+02
1.158576049804687500e+02
1.333751220703125000e+02
1.222710876464843750e+02
1.041155853271484375e+02
9.599879455566406250e+01
1.003927993774414062e+02
1.204226455688476562e+02
1.337702331542968750e+02
1.143754425048828125e+02
9.892312622070312500e+01
9.471244812011718750e+01
1.035232238769531250e+02
1.264957122802734375e+02
1.302451019287109375e+02
1.093850097656250000e+02
9.612159729003906250e+01
9.416207885742187500e+01
1.068705444335937500e+02
1.299317626953125000e+02
1.223422546386718750e+02
1.016935882568359375e+02
9.157824707031250000e+01
9.438398742675781250e+01
1.133162078857421875e+02
1.318168640136718750e+02
1.141634063720703125e+02
9.548532104492187500e+01
9.074978637695312500e+01
9.799476623535156250e+01
1.205474243164062500e+02
1.272646942138671875e+02
1.041739196777343750e+02
9.044205474853515625e+01
9.352886962890625000e+01
1.125511474609375000e+02
1.298218078613281250e+02
1.092044219970703125e+02
9.136830139160156250e+01
8.922032928466796875e+01
1.031056594848632812e+02
1.255134887695312500e+02
1.175894317626953125e+02
9.655165100097656250e+01
8.867325592041015625e+01
9.586557006835937500e+01
1.166860046386718750e+02
1.227471160888671875e+02
1.038428192138671875e+02
9.031010437011718750e+01
8.964673614501953125e+01
1.046545639038085938e+02
1.235690612792968750e+02
1.120477447509765625e+02
9.064543151855468750e+01
8.484417724609375000e+01
9.556488037109375000e+01
1.229232482910156250e+02
1.200320434570312500e+02
9.322143554687500000e+01
8.156588745117187500e+01
8.480405426025390625e+01
1.075333862304687500e+02
1.302609405517578125e+02
1.044156951904296875e+02
8.352499389648437500e+01
7.795225524902343750e+01
8.911865234375000000e+01
1.197879028320312500e+02
1.247734909057617188e+02
9.298718261718750000e+01
7.668471527099609375e+01
7.348516845703125000e+01
8.641624450683593750e+01
1.246597366333007812e+02
1.250286712646484375e+02
8.726808166503906250e+01
7.037330627441406250e+01
6.674481201171875000e+01
6.908250427246093750e+01
8.492344665527343750e+01
1.287776794433593750e+02
1.243384094238281250e+02
8.471020507812500000e+01
6.990153503417968750e+01
6.784726715087890625e+01
7.559758758544921875e+01
1.135188751220703125e+02
1.456405029296875000e+02
8.744482421875000000e+01
6.678834533691406250e+01
6.637936401367187500e+01
8.973712921142578125e+01
1.550870056152343750e+02
9.708300018310546875e+01
7.000952148437500000e+01
6.532380676269531250e+01
8.671560668945312500e+01
1.515274047851562500e+02
1.021292648315429688e+02
7.193225097656250000e+01
6.520892333984375000e+01
8.742754364013671875e+01
1.569790649414062500e+02
9.517610168457031250e+01
7.040331268310546875e+01
7.381564331054687500e+01
1.262571716308593750e+02
1.404163208007812500e+02
8.284568023681640625e+01
7.317119598388671875e+01
1.142216262817382812e+02
1.525776367187500000e+02
8.205519104003906250e+01
7.923394775390625000e+01
1.436105957031250000e+02
1.167871093750000000e+02
7.668681335449218750e+01
7.387777709960937500e+01
1.279237976074218750e+02
1.322802124023437500e+02
8.137863922119140625e+01
8.135273742675781250e+01
1.457446899414062500e+02
1.093277969360351562e+02
7.880152893066406250e+01
9.673474884033203125e+01
1.410021820068359375e+02
1.029101028442382812e+02
8.602130126953125000e+01
1.297703247070312500e+02
1.236264114379882812e+02
8.816259765625000000e+01
9.772480773925781250e+01
1.315735321044921875e+02
1.057027282714843750e+02
8.508357238769531250e+01
1.160136108398437500e+02
1.225437164306640625e+02
9.350725555419921875e+01
9.145220947265625000e+01
1.177304992675781250e+02
1.132116394042968750e+02
8.728984069824218750e+01
9.931275177001953125e+01
1.312274017333984375e+02
1.026287307739257812e+02
9.322294616699218750e+01
1.238472137451171875e+02
1.197729492187500000e+02
9.629312133789062500e+01
1.042034759521484375e+02
1.199254150390625000e+02
1.084056396484375000e+02
9.255245971679687500e+01
1.026792297363281250e+02
1.241893615722656250e+02
1.025206146240234375e+02
9.375231933593750000e+01
1.140624237060546875e+02
1.167879180908203125e+02
9.498052215576171875e+01
9.491395568847656250e+01
1.078673019409179688e+02
1.130268173217773438e+02
9.170977783203125000e+01
8.624966430664062500e+01
1.145010910034179688e+02
1.185359802246093750e+02
8.971209716796875000e+01
9.339108276367187500e+01
1.249105911254882812e+02
1.093562164306640625e+02
8.800653076171875000e+01
1.054482269287109375e+02
1.259910888671875000e+02
9.702955627441406250e+01
8.691201782226562500e+01
1.175888519287109375e+02
1.149034576416015625e+02
8.612577819824218750e+01
8.859261322021484375e+01
1.183899383544921875e+02
1.100784149169921875e+02
8.356607055664062500e+01
9.231771087646484375e+01
1.263356246948242188e+02
1.029682388305664062e+02
8.388275146484375000e+01
1.086304244995117188e+02
1.266816253662109375e+02
9.454898071289062500e+01
8.955119323730468750e+01
1.229144439697265625e+02
1.161173400878906250e+02
8.657340240478515625e+01
9.632882690429687500e+01
1.280583953857421875e+02
1.005178527832031250e+02
8.369309997558593750e+01
1.076320877075195312e+02
1.204028244018554688e+02
9.279135131835937500e+01
8.197968292236328125e+01
1.109216232299804688e+02
1.210980834960937500e+02
8.734633636474609375e+01
9.291728210449218750e+01
1.284950561523437500e+02
9.980169677734375000e+01
8.550209808349609375e+01
1.120848999023437500e+02
1.148474349975585938e+02
8.574024963378906250e+01
8.200994110107421875e+01
1.146748199462890625e+02
1.144539794921875000e+02
8.278820037841796875e+01
9.695397186279296875e+01
1.317944641113281250e+02
9.551863098144531250e+01
8.655261230468750000e+01
1.247863388061523438e+02
1.067241973876953125e+02
8.414138793945312500e+01
9.561047363281250000e+01
1.163771514892578125e+02
9.880955505371093750e+01
8.148901367187500000e+01
9.779969787597656250e+01
1.202877044677734375e+02
9.336795043945312500e+01
8.533048248291015625e+01
1.150828552246093750e+02
1.163592529296875000e+02
8.948735809326171875e+01
9.971989440917968750e+01
1.185138549804687500e+02
1.012989349365234375e+02
8.877220153808593750e+01
1.070172119140625000e+02
1.152459259033203125e+02
8.907699584960937500e+01
8.455029296875000000e+01
1.045645599365234375e+02
1.038041229248046875e+02
8.135553741455078125e+01
8.062341308593750000e+01
1.033292160034179688e+02
1.051863403320312500e+02
8.046794128417968750e+01
7.553465270996093750e+01
1.125590362548828125e+02
1.150617752075195312e+02
8.529559326171875000e+01
9.722924804687500000e+01
1.292207183837890625e+02
1.002092285156250000e+02
9.145024108886718750e+01
1.160809936523437500e+02
1.061929779052734375e+02
8.194248199462890625e+01
8.127206420898437500e+01
1.064922027587890625e+02
1.019537200927734375e+02
7.722642517089843750e+01
7.337374877929687500e+01
9.872287750244140625e+01
1.170443038940429688e+02
8.462412261962890625e+01
7.726124572753906250e+01
1.244942092895507812e+02
1.117917861938476562e+02
8.644628906250000000e+01
1.033560943603515625e+02
1.138339462280273438e+02
9.184056091308593750e+01
7.861363220214843750e+01
9.463475036621093750e+01
1.149342575073242188e+02
8.475357055664062500e+01
7.356898498535156250e+01
9.772245025634765625e+01
1.160708160400390625e+02
8.373077392578125000e+01
7.267053222656250000e+01
1.039843292236328125e+02
1.236631317138671875e+02
8.151983642578125000e+01
8.825497436523437500e+01
1.325806121826171875e+02
9.146216583251953125e+01
7.572082519531250000e+01
1.179863433837890625e+02
1.059620895385742188e+02
7.704499816894531250e+01
8.999210357666015625e+01
1.201819686889648438e+02
9.070546722412109375e+01
8.075688171386718750e+01
1.161218872070312500e+02
1.051699295043945312e+02
7.857995605468750000e+01
9.690191650390625000e+01
1.161095352172851562e+02
8.474742126464843750e+01
7.729644775390625000e+01
1.017592620849609375e+02
1.037010192871093750e+02
7.688642883300781250e+01
8.369900512695312500e+01
1.062439117431640625e+02
9.228957366943359375e+01
7.274453735351562500e+01
9.095214843750000000e+01
1.149427871704101562e+02
8.837895202636718750e+01
8.011167907714843750e+01
1.156893768310546875e+02
1.069294052124023438e+02
8.787284851074218750e+01
1.039503097534179688e+02
1.063174133300781250e+02
8.890954589843750000e+01
8.298121643066406250e+01
9.828176879882812500e+01
1.121425170898437500e+02
8.511970520019531250e+01
8.727558898925781250e+01
1.097873077392578125e+02
9.925584411621093750e+01
8.093430328369140625e+01
9.081544494628906250e+01
1.094414215087890625e+02
9.315489196777343750e+01
7.742216491699218750e+01
8.919912719726562500e+01
1.135754852294921875e+02
8.802904510498046875e+01
7.714337158203125000e+01
1.015887145996093750e+02
1.096154479980468750e+02
8.219926452636718750e+01
7.416329193115234375e+01
9.963192749023437500e+01
1.180500793457031250e+02
8.260171508789062500e+01
8.064732360839843750e+01
1.169862213134765625e+02
9.971395111083984375e+01
7.438064575195312500e+01
8.534663391113281250e+01
1.151875381469726562e+02
9.062015533447265625e+01
7.121683502197265625e+01
9.806658172607421875e+01
1.129171524047851562e+02
7.818408203125000000e+01
7.665832519531250000e+01
1.143416900634765625e+02
9.570539855957031250e+01
7.199240112304687500e+01
9.219606781005859375e+01
1.122782287597656250e+02
8.268463134765625000e+01
7.489996337890625000e+01
1.018121185302734375e+02
1.090579147338867188e+02
8.097091674804687500e+01
8.589501190185546875e+01
1.054144439697265625e+02
9.530787658691406250e+01
7.780958557128906250e+01
8.456914520263671875e+01
1.043706970214843750e+02
9.056611633300781250e+01
7.574041748046875000e+01
9.516420745849609375e+01
1.088858718872070312e+02
8.129592895507812500e+01
7.830783081054687500e+01
1.112490386962890625e+02
9.644850158691406250e+01
7.899520111083984375e+01
9.961856079101562500e+01
1.070987701416015625e+02
8.562451171875000000e+01
7.883588409423828125e+01
9.976437377929687500e+01
1.082877960205078125e+02
8.339376831054687500e+01
8.808472442626953125e+01
1.109155426025390625e+02
9.218711853027343750e+01
7.884373474121093750e+01
9.289701843261718750e+01
1.032602157592773438e+02
8.654336547851562500e+01
7.233508300781250000e+01
8.560050964355468750e+01
1.140834045410156250e+02
8.865306854248046875e+01
8.081750488281250000e+01
1.110008697509765625e+02
9.753752136230468750e+01
7.750847625732421875e+01
8.082804870605468750e+01
1.010739364624023438e+02
9.631588745117187500e+01
7.407254791259765625e+01
8.221937561035156250e+01
1.199072723388671875e+02
8.817889404296875000e+01
8.394642639160156250e+01
1.137144699096679688e+02
8.886085510253906250e+01
7.104544067382812500e+01
7.794789886474609375e+01
9.858870697021484375e+01
9.302590942382812500e+01
6.813435363769531250e+01
7.334941101074218750e+01
1.186667480468750000e+02
9.160038757324218750e+01
7.741268157958984375e+01
1.133622283935546875e+02
9.459371948242187500e+01
7.724134826660156250e+01
8.139501953125000000e+01
9.596541595458984375e+01
9.482985687255859375e+01
7.462975311279296875e+01
8.409056091308593750e+01
1.128500061035156250e+02
8.491792297363281250e+01
7.966941833496093750e+01
1.081043548583984375e+02
8.984287261962890625e+01
7.252806091308593750e+01
7.572369384765625000e+01
9.378276062011718750e+01
9.509368896484375000e+01
7.362910461425781250e+01
7.272901916503906250e+01
1.085786819458007812e+02
9.440489196777343750e+01
7.837229919433593750e+01
9.961327362060546875e+01
9.790316009521484375e+01
7.930389404296875000e+01
7.469653320312500000e+01
9.318228149414062500e+01
9.884098815917968750e+01
7.531708526611328125e+01
7.676733398437500000e+01
1.005057220458984375e+02
9.012400054931640625e+01
7.167465972900390625e+01
7.988598632812500000e+01
9.962605285644531250e+01
8.508202362060546875e+01
6.826253509521484375e+01
8.056342315673828125e+01
1.052594757080078125e+02
8.449420166015625000e+01
7.008509063720703125e+01
8.646596527099609375e+01
1.092654876708984375e+02
8.585572814941406250e+01
7.359833526611328125e+01
9.709231567382812500e+01
1.058852539062500000e+02
7.855290985107421875e+01
8.068405914306640625e+01
9.259535980224609375e+01
8.241641235351562500e+01
7.203087615966796875e+01
6.604286193847656250e+01
6.954828643798828125e+01
1.003062744140625000e+02
8.733329772949218750e+01
6.599320983886718750e+01
9.026290893554687500e+01
1.150954284667968750e+02
8.227525329589843750e+01
8.355715942382812500e+01
1.012665023803710938e+02
8.656072998046875000e+01
6.786103057861328125e+01
7.338645935058593750e+01
8.934292602539062500e+01
8.221355438232421875e+01
6.862401580810546875e+01
5.989487457275390625e+01
5.965858078002929688e+01
9.330895996093750000e+01
1.013389282226562500e+02
6.603165435791015625e+01
7.968273925781250000e+01
1.371781005859375000e+02
8.337286376953125000e+01
1.002600708007812500e+02
1.135766601562500000e+02
7.444156646728515625e+01
7.364608764648437500e+01
1.272639694213867188e+02
9.002409362792968750e+01
9.884696960449218750e+01
1.193522949218750000e+02
7.544641113281250000e+01
8.130784606933593750e+01
1.112428436279296875e+02
8.050402832031250000e+01
6.748745727539062500e+01
9.869653320312500000e+01
1.004334869384765625e+02
7.043795013427734375e+01
7.939067840576171875e+01
1.080748901367187500e+02
7.948547363281250000e+01
7.140788269042968750e+01
1.048829345703125000e+02
8.750404357910156250e+01
6.873951721191406250e+01
8.912901306152343750e+01
9.250424957275390625e+01
7.302032470703125000e+01
6.855066680908203125e+01
9.073855590820312500e+01
9.226564025878906250e+01
6.993643188476562500e+01
7.858366394042968750e+01
1.164289474487304688e+02
8.457701873779296875e+01
8.402601623535156250e+01
1.108792877197265625e+02
8.986249542236328125e+01
8.304667663574218750e+01
9.661686706542968750e+01
8.589998626708984375e+01
7.568496704101562500e+01
7.363419342041015625e+01
8.148374938964843750e+01
8.592073059082031250e+01
7.186657714843750000e+01
6.339725112915039062e+01
8.095970153808593750e+01
1.006375350952148438e+02
7.423434448242187500e+01
6.532308197021484375e+01
1.111768646240234375e+02
9.824142456054687500e+01
8.392520141601562500e+01
1.064747238159179688e+02
8.154428100585937500e+01
6.875311279296875000e+01
7.582955932617187500e+01
8.197610473632812500e+01
7.473255920410156250e+01
6.888837432861328125e+01
5.873635864257812500e+01
5.188034057617187500e+01
7.595952606201171875e+01
8.757151794433593750e+01
6.463544464111328125e+01
5.038657760620117188e+01
5.091622924804687500e+01
5.157460403442382812e+01
4.595503997802734375e+01
4.775731658935546875e+01
5.230273437500000000e+01
7.002824401855468750e+01
1.174574127197265625e+02
7.302658843994140625e+01
4.962516021728515625e+01
6.390252304077148438e+01
1.259640426635742188e+02
7.445275878906250000e+01
5.813774871826171875e+01
1.044916381835937500e+02
1.096637573242187500e+02
6.702709960937500000e+01
7.548501586914062500e+01
1.218498992919921875e+02
7.665808868408203125e+01
6.732302856445312500e+01
1.232453536987304688e+02
8.347459411621093750e+01
7.824397277832031250e+01
1.244983749389648438e+02
7.778942871093750000e+01
8.816190338134765625e+01
1.142506103515625000e+02
6.525308990478515625e+01
7.497690582275390625e+01
1.090002441406250000e+02
7.137977600097656250e+01
5.665499114990234375e+01
6.995410156250000000e+01
1.055916137695312500e+02
7.809220123291015625e+01
5.682434844970703125e+01
8.997860717773437500e+01
1.133501815795898438e+02
7.156414031982421875e+01
8.820666503906250000e+01
1.173562316894531250e+02
7.878302001953125000e+01
8.925071716308593750e+01
1.065435485839843750e+02
7.916299438476562500e+01
7.515066528320312500e+01
9.774925231933593750e+01
8.576949310302734375e+01
7.144068908691406250e+01
7.429447937011718750e+01
8.677291870117187500e+01
8.349490356445312500e+01
6.591703033447265625e+01
7.092433929443359375e+01
9.474163818359375000e+01
7.827749633789062500e+01
6.695027923583984375e+01
8.683163452148437500e+01
9.494390869140625000e+01
7.312257385253906250e+01
7.666029357910156250e+01
9.824356842041015625e+01
8.526432800292968750e+01
7.304808044433593750e+01
8.852979278564453125e+01
9.438778686523437500e+01
7.509899139404296875e+01
7.361984252929687500e+01
9.056233215332031250e+01
8.820387268066406250e+01
7.111759948730468750e+01
7.327117156982421875e+01
9.356152343750000000e+01
8.450085449218750000e+01
6.983016204833984375e+01
8.260987854003906250e+01
1.008918914794921875e+02
7.803015136718750000e+01
7.447111511230468750e+01
9.811311340332031250e+01
8.750788116455078125e+01
6.983545684814453125e+01
7.963517761230468750e+01
9.757179260253906250e+01
7.863662719726562500e+01
6.714993286132812500e+01
8.622425842285156250e+01
9.541731262207031250e+01
7.215488433837890625e+01
7.221197509765625000e+01
9.119107055664062500e+01
8.345702362060546875e+01
6.771363830566406250e+01
6.827674865722656250e+01
8.742372894287109375e+01
8.500814819335937500e+01
6.700441741943359375e+01
6.659838867187500000e+01
1.015765228271484375e+02
8.559880065917968750e+01
7.311106109619140625e+01
9.179293060302734375e+01
8.913258361816406250e+01
7.056793212890625000e+01
6.520869445800781250e+01
8.617327880859375000e+01
9.626568603515625000e+01
6.818585968017578125e+01
7.461888122558593750e+01
1.041941528320312500e+02
7.725634002685546875e+01
6.470246887207031250e+01
9.035572052001953125e+01
9.047306823730468750e+01
6.601482391357421875e+01
6.371372604370117188e+01
8.709461212158203125e+01
8.977708435058593750e+01
6.581447601318359375e+01
6.866529083251953125e+01
9.842375183105468750e+01
8.062118530273437500e+01
6.634199523925781250e+01
8.497683715820312500e+01
9.368882751464843750e+01
7.238757324218750000e+01
6.434133911132812500e+01
8.251077270507812500e+01
9.163905334472656250e+01
6.741414642333984375e+01
6.861211395263671875e+01
9.378292083740234375e+01
8.009750366210937500e+01
6.282240676879882812e+01
6.734440612792968750e+01
8.571861267089843750e+01
8.386386871337890625e+01
6.280838012695312500e+01
6.669276428222656250e+01
1.026713409423828125e+02
8.086741638183593750e+01
6.752096557617187500e+01
9.439423370361328125e+01
8.609346771240234375e+01
6.710584259033203125e+01
6.106227874755859375e+01
7.623400878906250000e+01
9.503417205810546875e+01
6.917375183105468750e+01
6.226905059814453125e+01
8.549459838867187500e+01
9.398892211914062500e+01
6.862014770507812500e+01
6.652008056640625000e+01
9.274127960205078125e+01
8.684016418457031250e+01
6.693307495117187500e+01
7.834185028076171875e+01
9.045195007324218750e+01
7.132627105712890625e+01
6.011406707763671875e+01
7.302330017089843750e+01
8.961965179443359375e+01
7.369302368164062500e+01
6.183434295654296875e+01
7.963042449951171875e+01
9.849397277832031250e+01
7.163653564453125000e+01
6.966638183593750000e+01
9.600951385498046875e+01
8.188885498046875000e+01
6.673235321044921875e+01
7.902923583984375000e+01
8.635153198242187500e+01
6.930935668945312500e+01
6.319825744628906250e+01
6.777931213378906250e+01
8.062800598144531250e+01
7.360341644287109375e+01
5.877556228637695312e+01
5.784824371337890625e+01
8.710379028320312500e+01
8.446774291992187500e+01
6.078986358642578125e+01
7.188161468505859375e+01
1.057404785156250000e+02
7.335481262207031250e+01
7.576993560791015625e+01
1.012365417480468750e+02
7.194690704345703125e+01
5.868310928344726562e+01
7.999346160888671875e+01
8.616369628906250000e+01
6.208696365356445312e+01
5.305842971801757812e+01
6.794207000732421875e+01
8.434587097167968750e+01
7.324295806884765625e+01
5.509780502319335938e+01
4.816749191284179688e+01
8.063427734375000000e+01
9.703575134277343750e+01
5.830625152587890625e+01
6.793080139160156250e+01
1.238452453613281250e+02
6.803765106201171875e+01
9.272653198242187500e+01
1.108472137451171875e+02
6.203220367431640625e+01
8.913461303710937500e+01
1.190278472900390625e+02
6.903993225097656250e+01
1.091054229736328125e+02
8.592318725585937500e+01
5.488633728027343750e+01
5.791159820556640625e+01
1.057446975708007812e+02
7.493001556396484375e+01
5.470484924316406250e+01
9.323609161376953125e+01
9.262458038330078125e+01
6.222974395751953125e+01
7.076211547851562500e+01
1.034345245361328125e+02
7.578805541992187500e+01
6.777944946289062500e+01
1.007297973632812500e+02
8.999249267578125000e+01
8.251119995117187500e+01
8.982986450195312500e+01
8.037687683105468750e+01
7.751588439941406250e+01
7.533777618408203125e+01
6.837899780273437500e+01
6.639362335205078125e+01
6.141838073730468750e+01
5.544119262695312500e+01
5.976640319824218750e+01
6.129272460937500000e+01
5.113579559326171875e+01
5.422460937500000000e+01
5.925356292724609375e+01
5.415606689453125000e+01
6.242466354370117188e+01
7.287513732910156250e+01
6.372236251831054688e+01
5.604148483276367188e+01
6.167844390869140625e+01
6.791751861572265625e+01
7.171359252929687500e+01
7.129443359375000000e+01
6.389594268798828125e+01
5.968265914916992188e+01
7.017955017089843750e+01
8.407881164550781250e+01
6.538433837890625000e+01
4.994937133789062500e+01
5.543379974365234375e+01
