2.152589599609375000e+03
4.854584960937500000e+03
3.855977050781250000e+03
1.206744873046875000e+03
2.330592773437500000e+03
3.009916503906250000e+03
2.264211914062500000e+03
9.180312500000000000e+02
1.262330566406250000e+03
1.900681884765625000e+03
1.682073486328125000e+03
9.338715820312500000e+02
7.718571777343750000e+02
1.284321777343750000e+03
1.321796997070312500e+03
8.928242187500000000e+02
5.822487792968750000e+02
8.540488281250000000e+02
9.949909057617187500e+02
7.873790283203125000e+02
5.151193237304687500e+02
6.409968261718750000e+02
8.000539550781250000e+02
6.779781494140625000e+02
4.658757934570312500e+02
5.264864501953125000e+02
6.436529541015625000e+02
5.480916748046875000e+02
4.024126281738281250e+02
4.836887207031250000e+02
5.424847412109375000e+02
4.243698730468750000e+02
3.706428222656250000e+02
4.547822570800781250e+02
4.311331176757812500e+02
3.335854492187500000e+02
3.810588989257812500e+02
4.020553588867187500e+02
3.195722961425781250e+02
3.330296630859375000e+02
3.608664855957031250e+02
2.955594482421875000e+02
3.078336181640625000e+02
3.236931152343750000e+02
2.699362792968750000e+02
2.911067810058593750e+02
2.899906005859375000e+02
2.523277282714843750e+02
2.770971069335937500e+02
2.520401306152343750e+02
2.440249481201171875e+02
2.558942565917968750e+02
2.260476074218750000e+02
2.434906768798828125e+02
2.223454284667968750e+02
2.257270660400390625e+02
2.195710296630859375e+02
2.103563079833984375e+02
2.150168457031250000e+02
1.983437957763671875e+02
2.075335998535156250e+02
1.920313873291015625e+02
1.987765197753906250e+02
1.849791870117187500e+02
1.906737976074218750e+02
1.784977874755859375e+02
1.835038604736328125e+02
1.729075469970703125e+02
1.764327087402343750e+02
1.691924438476562500e+02
1.692354431152343750e+02
1.658244018554687500e+02
1.606239929199218750e+02
1.634280090332031250e+02
1.561191711425781250e+02
1.570031127929687500e+02
1.539510955810546875e+02
1.498057861328125000e+02
1.501198730468750000e+02
1.464461975097656250e+02
1.431741790771484375e+02
1.438908386230468750e+02
1.403563537597656250e+02
1.370899505615234375e+02
1.374930114746093750e+02
1.356771240234375000e+02
1.328454132080078125e+02
1.314056396484375000e+02
1.321325988769531250e+02
1.312261047363281250e+02
1.279376220703125000e+02
1.249972610473632812e+02
1.240924224853515625e+02
1.247445983886718750e+02
1.253715133666992188e+02
1.272173995971679688e+02
1.266181106567382812e+02
1.289510192871093750e+02
1.297965850830078125e+02
1.345065002441406250e+02
1.394421691894531250e+02
1.427803649902343750e+02
1.419181976318359375e+02
1.352507324218750000e+02
1.328440399169921875e+02
1.325353698730468750e+02
1.374140930175781250e+02
1.433440551757812500e+02
1.438766479492187500e+02
1.387272949218750000e+02
1.329237518310546875e+02
1.298388061523437500e+02
1.328004760742187500e+02
1.415856781005859375e+02
1.446965637207031250e+02
1.377907409667968750e+02
1.340370483398437500e+02
1.330227355957031250e+02
1.354404602050781250e+02
1.360914916992187500e+02
1.357777099609375000e+02
1.320992736816406250e+02
1.297136535644531250e+02
1.295638427734375000e+02
1.348609924316406250e+02
1.369633941650390625e+02
1.336141815185546875e+02
1.284389648437500000e+02
1.256079177856445312e+02
1.264129867553710938e+02
1.298121032714843750e+02
1.333877563476562500e+02
1.330514221191406250e+02
1.276958923339843750e+02
1.234972915649414062e+02
1.221068267822265625e+02
1.256721496582031250e+02
1.330754394531250000e+02
1.334001770019531250e+02
1.265629882812500000e+02
1.186185379028320312e+02
1.161593475341796875e+02
1.196581497192382812e+02
1.279305114746093750e+02
1.338073425292968750e+02
1.306119995117187500e+02
1.189592437744140625e+02
1.135608215332031250e+02
1.159393005371093750e+02
1.260218124389648438e+02
1.345275268554687500e+02
1.285805206298828125e+02
1.160867462158203125e+02
1.107047576904296875e+02
1.126568450927734375e+02
1.257469177246093750e+02
1.320839385986328125e+02
1.216210327148437500e+02
1.115182342529296875e+02
1.089082565307617188e+02
1.176238250732421875e+02
1.302478179931640625e+02
1.262625961303710938e+02
1.139541854858398438e+02
1.063212127685546875e+02
1.088194808959960938e+02
1.210415802001953125e+02
1.320623321533203125e+02
1.199741592407226562e+02
1.064071426391601562e+02
1.032229614257812500e+02
1.105895690917968750e+02
1.255483856201171875e+02
1.291402893066406250e+02
1.127971115112304688e+02
1.015151519775390625e+02
1.027193450927734375e+02
1.158576049804687500e+02
1.333751220703125000e+02
1.222710876464843750e+02
1.041155853271484375e+02
9.599879455566406250e+01
1.003927993774414062e+02
1.204226455688476562e+02
1.337702331542968750e+02
1.143754425048828125e+02
9.892312622070312500e+01
9.471244812011718750e+01
1.035232238769531250e+02
1.264957122802734375e+02
1.302451019287109375e+02
1.093850097656250000e+02
9.612159729003906250e+01
9.416207885742187500e+01
1.068705444335937500e+02
1.299317626953125000e+02
1.223422546386718750e+02
1.016935882568359375e+02
9.157824707031250000e+01
9.438398742675781250e+01
1.133162078857421875e+02
1.318168640136718750e+02
1.141634063720703125e+02
9.548532104492187500e+01
9.074978637695312500e+01
9.799476623535156250e+01
1.205474243164062500e+02
1.272646942138671875e+02
1.041739196777343750e+02
9.044205474853515625e+01
9.352886962890625000e+01
1.125511474609375000e+02
1.298218078613281250e+02
1.092044219970703125e+02
9.136830139160156250e+01
8.922032928466796875e+01
1.031056594848632812e+02
1.255134887695312500e+02
1.175894317626953125e+02
9.655165100097656250e+01
8.867325592041015625e+01
9.586557006835937500e+01
1.166860046386718750e+02
1.227471160888671875e+02
1.038428192138671875e+02
9.031010437011718750e+01
8.964673614501953125e+01
1.046545639038085938e+02
1.235690612792968750e+02
1.120477447509765625e+02
9.064543151855468750e+01
8.484417724609375000e+01
9.556488037109375000e+01
1.229232482910156250e+02
1.200320434570312500e+02
9.322143554687500000e+01
8.156588745117187500e+01
8.480405426025390625e+01
1.075333862304687500e+02
1.302609405517578125e+02
1.044156951904296875e+02
8.352499389648437500e+01
7.795225524902343750e+01
8.911865234375000000e+01
1.197879028320312500e+02
1.247734909057617188e+02
9.298718261718750000e+01
7.668471527099609375e+01
7.348516845703125000e+01
8.641624450683593750e+01
1.246597366333007812e+02
1.250286712646484375e+02
8.726808166503906250e+01
7.037330627441406250e+01
6.674481201171875000e+01
6.908250427246093750e+01
8.492344665527343750e+01
1.287776794433593750e+02
1.243384094238281250e+02
8.471020507812500000e+01
6.990153503417968750e+01
6.784726715087890625e+01
7.559758758544921875e+01
1.135188751220703125e+02
1.456405029296875000e+02
8.744482421875000000e+01
6.678834533691406250e+01
6.637936401367187500e+01
8.973712921142578125e+01
1.550870056152343750e+02
9.708300018310546875e+01
7.000952148437500000e+01
6.532380676269531250e+01
8.671560668945312500e+01
1.515274047851562500e+02
1.021292648315429688e+02
7.193225097656250000e+01
6.520892333984375000e+01
8.742754364013671875e+01
1.569790649414062500e+02
9.517610168457031250e+01
7.040331268310546875e+01
7.381564331054687500e+01
1.262571716308593750e+02
1.404163208007812500e+02
8.284568023681640625e+01
7.317119598388671875e+01
1.142216262817382812e+02
1.525776367187500000e+02
8.205519104003906250e+01
7.923394775390625000e+01
1.436105957031250000e+02
1.167871093750000000e+02
7.668681335449218750e+01
7.387777709960937500e+01
1.279237976074218750e+02
1.322802124023437500e+02
8.137863922119140625e+01
8.135273742675781250e+01
1.457446899414062500e+02
1.093277969360351562e+02
7.880152893066406250e+01
9.673474884033203125e+01
1.410021820068359375e+02
1.029101028442382812e+02
8.602130126953125000e+01
1.297703247070312500e+02
1.236264114379882812e+02
8.816259765625000000e+01
9.772480773925781250e+01
1.315735321044921875e+02
1.057027282714843750e+02
8.508357238769531250e+01
1.160136108398437500e+02
1.225437164306640625e+02
9.350725555419921875e+01
9.145220947265625000e+01
1.177304992675781250e+02
1.132116394042968750e+02
8.728984069824218750e+01
9.931275177001953125e+01
1.312274017333984375e+02
1.026287307739257812e+02
9.322294616699218750e+01
1.238472137451171875e+02
1.197729492187500000e+02
9.629312133789062500e+01
1.042034759521484375e+02
1.199254150390625000e+02
1.084056396484375000e+02
9.255245971679687500e+01
1.026792297363281250e+02
1.241893615722656250e+02
1.025206146240234375e+02
9.375231933593750000e+01
1.140624237060546875e+02
1.167879180908203125e+02
9.498052215576171875e+01
9.491395568847656250e+01
1.078673019409179688e+02
1.130268173217773438e+02
9.170977783203125000e+01
8.624966430664062500e+01
1.145010910034179688e+02
1.185359802246093750e+02
8.971209716796875000e+01
9.339108276367187500e+01
1.249105911254882812e+02
1.093562164306640625e+02
8.800653076171875000e+01
1.054482269287109375e+02
1.259910888671875000e+02
9.702955627441406250e+01
8.691201782226562500e+01
1.175888519287109375e+02
1.149034576416015625e+02
8.612577819824218750e+01
8.859261322021484375e+01
1.183899383544921875e+02
1.100784149169921875e+02
8.356607055664062500e+01
9.231771087646484375e+01
1.263356246948242188e+02
1.029682388305664062e+02
8.388275146484375000e+01
1.086304244995117188e+02
1.266816253662109375e+02
9.454898071289062500e+01
8.955119323730468750e+01
1.229144439697265625e+02
1.161173400878906250e+02
8.657340240478515625e+01
9.632882690429687500e+01
1.280583953857421875e+02
1.005178527832031250e+02
8.369309997558593750e+01
1.076320877075195312e+02
1.204028244018554688e+02
9.279135131835937500e+01
8.197968292236328125e+01
1.109216232299804688e+02
1.210980834960937500e+02
8.734633636474609375e+01
9.291728210449218750e+01
1.284950561523437500e+02
9.980169677734375000e+01
8.550209808349609375e+01
1.120848999023437500e+02
1.148474349975585938e+02
8.574024963378906250e+01
8.200994110107421875e+01
1.146748199462890625e+02
1.144539794921875000e+02
8.278820037841796875e+01
9.695397186279296875e+01
1.317944641113281250e+02
9.551863098144531250e+01
8.655261230468750000e+01
1.247863388061523438e+02
1.067241973876953125e+02
8.414138793945312500e+01
9.561047363281250000e+01
1.163771514892578125e+02
9.880955505371093750e+01
8.148901367187500000e+01
9.779969787597656250e+01
1.202877044677734375e+02
9.336795043945312500e+01
8.533048248291015625e+01
1.150828552246093750e+02
1.163592529296875000e+02
8.948735809326171875e+01
9.971989440917968750e+01
1.185138549804687500e+02
1.012989349365234375e+02
8.877220153808593750e+01
1.070172119140625000e+02
1.152459259033203125e+02
8.907699584960937500e+01
8.455029296875000000e+01
1.045645599365234375e+02
1.038041229248046875e+02
8.135553741455078125e+01
8.062341308593750000e+01
1.033292160034179688e+02
1.051863403320312500e+02
8.046794128417968750e+01
7.553465270996093750e+01
1.125590362548828125e+02
1.150617752075195312e+02
8.529559326171875000e+01
9.722924804687500000e+01
1.292207183837890625e+02
1.002092285156250000e+02
9.145024108886718750e+01
1.160809936523437500e+02
1.061929779052734375e+02
8.194248199462890625e+01
8.127206420898437500e+01
1.064922027587890625e+02
1.019537200927734375e+02
7.722642517089843750e+01
7.337374877929687500e+01
9.872287750244140625e+01
1.170443038940429688e+02
8.462412261962890625e+01
7.726124572753906250e+01
1.244942092895507812e+02
1.117917861938476562e+02
8.644628906250000000e+01
1.033560943603515625e+02
1.138339462280273438e+02
9.184056091308593750e+01
7.861363220214843750e+01
9.463475036621093750e+01
1.149342575073242188e+02
8.475357055664062500e+01
7.356898498535156250e+01
9.772245025634765625e+01
1.160708160400390625e+02
8.373077392578125000e+01
7.267053222656250000e+01
1.039843292236328125e+02
1.236631317138671875e+02
8.151983642578125000e+01
8.825497436523437500e+01
1.325806121826171875e+02
9.146216583251953125e+01
7.572082519531250000e+01
1.179863433837890625e+02
1.059620895385742188e+02
7.704499816894531250e+01
8.999210357666015625e+01
1.201819686889648438e+02
9.070546722412109375e+01
8.075688171386718750e+01
1.161218872070312500e+02
1.051699295043945312e+02
7.857995605468750000e+01
9.690191650390625000e+01
1.161095352172851562e+02
8.474742126464843750e+01
7.729644775390625000e+01
1.017592620849609375e+02
1.037010192871093750e+02
7.688642883300781250e+01
8.369900512695312500e+01
1.062439117431640625e+02
9.228957366943359375e+01
7.274453735351562500e+01
9.095214843750000000e+01
1.149427871704101562e+02
8.837895202636718750e+01
8.011167907714843750e+01
1.156893768310546875e+02
1.069294052124023438e+02
8.787284851074218750e+01
1.039503097534179688e+02
1.063174133300781250e+02
8.890954589843750000e+01
8.298121643066406250e+01
9.828176879882812500e+01
1.121425170898437500e+02
8.511970520019531250e+01
8.727558898925781250e+01
1.097873077392578125e+02
9.925584411621093750e+01
8.093430328369140625e+01
9.081544494628906250e+01
1.094414215087890625e+02
9.315489196777343750e+01
7.742216491699218750e+01
8.919912719726562500e+01
1.135754852294921875e+02
8.802904510498046875e+01
7.714337158203125000e+01
1.015887145996093750e+02
1.096154479980468750e+02
8.219926452636718750e+01
7.416329193115234375e+01
9.963192749023437500e+01
1.180500793457031250e+02
8.260171508789062500e+01
8.064732360839843750e+01
1.169862213134765625e+02
9.971395111083984375e+01
7.438064575195312500e+01
8.534663391113281250e+01
1.151875381469726562e+02
9.062015533447265625e+01
7.121683502197265625e+01
9.806658172607421875e+01
1.129171524047851562e+02
7.818408203125000000e+01
7.665832519531250000e+01
1.143416900634765625e+02
9.570539855957031250e+01
7.199240112304687500e+01
9.219606781005859375e+01
1.122782287597656250e+02
8.268463134765625000e+01
7.489996337890625000e+01
1.018121185302734375e+02
1.090579147338867188e+02
8.097091674804687500e+01
8.589501190185546875e+01
1.054144439697265625e+02
9.530787658691406250e+01
7.780958557128906250e+01
8.456914520263671875e+01
1.043706970214843750e+02
9.056611633300781250e+01
7.574041748046875000e+01
9.516420745849609375e+01
1.088858718872070312e+02
8.129592895507812500e+01
7.830783081054687500e+01
1.112490386962890625e+02
9.644850158691406250e+01
7.899520111083984375e+01
9.961856079101562500e+01
1.070987701416015625e+02
8.562451171875000000e+01
7.883588409423828125e+01
9.976437377929687500e+01
1.082877960205078125e+02
8.339376831054687500e+01
8.808472442626953125e+01
1.109155426025390625e+02
9.218711853027343750e+01
7.884373474121093750e+01
9.289701843261718750e+01
1.032602157592773438e+02
8.654336547851562500e+01
7.233508300781250000e+01
8.560050964355468750e+01
1.140834045410156250e+02
8.865306854248046875e+01
8.081750488281250000e+01
1.110008697509765625e+02
9.753752136230468750e+01
7.750847625732421875e+01
8.082804870605468750e+01
1.010739364624023438e+02
9.631588745117187500e+01
7.407254791259765625e+01
8.221937561035156250e+01
1.199072723388671875e+02
8.817889404296875000e+01
8.394642639160156250e+01
1.137144699096679688e+02
8.886085510253906250e+01
7.104544067382812500e+01
7.794789886474609375e+01
9.858870697021484375e+01
9.302590942382812500e+01
6.813435363769531250e+01
7.334941101074218750e+01
1.186667480468750000e+02
9.160038757324218750e+01
7.741268157958984375e+01
1.133622283935546875e+02
9.459371948242187500e+01
7.724134826660156250e+01
8.139501953125000000e+01
9.596541595458984375e+01
9.482985687255859375e+01
7.462975311279296875e+01
8.409056091308593750e+01
1.128500061035156250e+02
8.491792297363281250e+01
7.966941833496093750e+01
1.081043548583984375e+02
8.984287261962890625e+01
7.252806091308593750e+01
7.572369384765625000e+01
9.378276062011718750e+01
9.509368896484375000e+01
7.362910461425781250e+01
7.272901916503906250e+01
1.085786819458007812e+02
9.440489196777343750e+01
7.837229919433593750e+01
9.961327362060546875e+01
9.790316009521484375e+01
7.930389404296875000e+01
7.469653320312500000e+01
9.318228149414062500e+01
9.884098815917968750e+01
7.531708526611328125e+01
7.676733398437500000e+01
1.005057220458984375e+02
9.012400054931640625e+01
7.167465972900390625e+01
7.988598632812500000e+01
9.962605285644531250e+01
8.508202362060546875e+01
6.826253509521484375e+01
8.056342315673828125e+01
1.052594757080078125e+02
8.449420166015625000e+01
7.008509063720703125e+01
8.646596527099609375e+01
1.092654876708984375e+02
8.585572814941406250e+01
7.359833526611328125e+01
9.709231567382812500e+01
1.058852539062500000e+02
7.855290985107421875e+01
8.068405914306640625e+01
9.259535980224609375e+01
8.241641235351562500e+01
7.203087615966796875e+01
6.604286193847656250e+01
6.954828643798828125e+01
1.003062744140625000e+02
8.733329772949218750e+01
6.599320983886718750e+01
9.026290893554687500e+01
1.150954284667968750e+02
8.227525329589843750e+01
8.355715942382812500e+01
1.012665023803710938e+02
8.656072998046875000e+01
6.786103057861328125e+01
7.338645935058593750e+01
8.934292602539062500e+01
8.221355438232421875e+01
6.862401580810546875e+01
5.989487457275390625e+01
5.965858078002929688e+01
9.330895996093750000e+01
1.013389282226562500e+02
6.603165435791015625e+01
7.968273925781250000e+01
1.371781005859375000e+02
8.337286376953125000e+01
1.002600708007812500e+02
1.135766601562500000e+02
7.444156646728515625e+01
7.364608764648437500e+01
1.272639694213867188e+02
9.002409362792968750e+01
9.884696960449218750e+01
1.193522949218750000e+02
7.544641113281250000e+01
8.130784606933593750e+01
1.112428436279296875e+02
8.050402832031250000e+01
6.748745727539062500e+01
9.869653320312500000e+01
1.004334869384765625e+02
7.043795013427734375e+01
7.939067840576171875e+01
1.080748901367187500e+02
7.948547363281250000e+01
7.140788269042968750e+01
1.048829345703125000e+02
8.750404357910156250e+01
6.873951721191406250e+01
8.912901306152343750e+01
9.250424957275390625e+01
7.302032470703125000e+01
6.855066680908203125e+01
9.073855590820312500e+01
9.226564025878906250e+01
6.993643188476562500e+01
7.858366394042968750e+01
1.164289474487304688e+02
8.457701873779296875e+01
8.402601623535156250e+01
1.108792877197265625e+02
8.986249542236328125e+01
8.304667663574218750e+01
9.661686706542968750e+01
8.589998626708984375e+01
7.568496704101562500e+01
7.363419342041015625e+01
8.148374938964843750e+01
8.592073059082031250e+01
7.186657714843750000e+01
6.339725112915039062e+01
8.095970153808593750e+01
1.006375350952148438e+02
7.423434448242187500e+01
6.532308197021484375e+01
1.111768646240234375e+02
9.824142456054687500e+01
8.392520141601562500e+01
1.064747238159179688e+02
8.154428100585937500e+01
6.875311279296875000e+01
7.582955932617187500e+01
8.197610473632812500e+01
7.473255920410156250e+01
6.888837432861328125e+01
5.873635864257812500e+01
5.188034057617187500e+01
7.595952606201171875e+01
8.757151794433593750e+01
6.463544464111328125e+01
5.038657760620117188e+01
5.091622924804687500e+01
5.157460403442382812e+01
4.595503997802734375e+01
4.775731658935546875e+01
5.230273437500000000e+01
7.002824401855468750e+01
1.174574127197265625e+02
7.302658843994140625e+01
4.962516021728515625e+01
6.390252304077148438e+01
1.259640426635742188e+02
7.445275878906250000e+01
5.813774871826171875e+01
1.044916381835937500e+02
1.096637573242187500e+02
6.702709960937500000e+01
7.548501586914062500e+01
1.218498992919921875e+02
7.665808868408203125e+01
6.732302856445312500e+01
1.232453536987304688e+02
8.347459411621093750e+01
7.824397277832031250e+01
1.244983749389648438e+02
7.778942871093750000e+01
8.816190338134765625e+01
1.142506103515625000e+02
6.525308990478515625e+01
7.497690582275390625e+01
1.090002441406250000e+02
7.137977600097656250e+01
5.665499114990234375e+01
6.995410156250000000e+01
1.055916137695312500e+02
7.809220123291015625e+01
5.682434844970703125e+01
8.997860717773437500e+01
1.133501815795898438e+02
7.156414031982421875e+01
8.820666503906250000e+01
1.173562316894531250e+02
7.878302001953125000e+01
8.925071716308593750e+01
1.065435485839843750e+02
7.916299438476562500e+01
7.515066528320312500e+01
9.774925231933593750e+01
8.576949310302734375e+01
7.144068908691406250e+01
7.429447937011718750e+01
8.677291870117187500e+01
8.349490356445312500e+01
6.591703033447265625e+01
7.092433929443359375e+01
9.474163818359375000e+01
7.827749633789062500e+01
6.695027923583984375e+01
8.683163452148437500e+01
9.494390869140625000e+01
7.312257385253906250e+01
7.666029357910156250e+01
9.824356842041015625e+01
8.526432800292968750e+01
7.304808044433593750e+01
8.852979278564453125e+01
9.438778686523437500e+01
7.509899139404296875e+01
7.361984252929687500e+01
9.056233215332031250e+01
8.820387268066406250e+01
7.111759948730468750e+01
7.327117156982421875e+01
9.356152343750000000e+01
8.450085449218750000e+01
6.983016204833984375e+01
8.260987854003906250e+01
1.008918914794921875e+02
7.803015136718750000e+01
7.447111511230468750e+01
9.811311340332031250e+01
8.750788116455078125e+01
6.983545684814453125e+01
7.963517761230468750e+01
9.757179260253906250e+01
7.863662719726562500e+01
6.714993286132812500e+01
8.622425842285156250e+01
9.541731262207031250e+01
7.215488433837890625e+01
7.221197509765625000e+01
9.119107055664062500e+01
8.345702362060546875e+01
6.771363830566406250e+01
6.827674865722656250e+01
8.742372894287109375e+01
8.500814819335937500e+01
6.700441741943359375e+01
6.659838867187500000e+01
1.015765228271484375e+02
8.559880065917968750e+01
7.311106109619140625e+01
9.179293060302734375e+01
8.913258361816406250e+01
7.056793212890625000e+01
6.520869445800781250e+01
8.617327880859375000e+01
9.626568603515625000e+01
6.818585968017578125e+01
7.461888122558593750e+01
1.041941528320312500e+02
7.725634002685546875e+01
6.470246887207031250e+01
9.035572052001953125e+01
9.047306823730468750e+01
6.601482391357421875e+01
6.371372604370117188e+01
8.709461212158203125e+01
8.977708435058593750e+01
6.581447601318359375e+01
6.866529083251953125e+01
9.842375183105468750e+01
8.062118530273437500e+01
6.634199523925781250e+01
8.497683715820312500e+01
9.368882751464843750e+01
7.238757324218750000e+01
6.434133911132812500e+01
8.251077270507812500e+01
9.163905334472656250e+01
6.741414642333984375e+01
6.861211395263671875e+01
9.378292083740234375e+01
8.009750366210937500e+01
6.282240676879882812e+01
6.734440612792968750e+01
8.571861267089843750e+01
8.386386871337890625e+01
6.280838012695312500e+01
6.669276428222656250e+01
1.026713409423828125e+02
8.086741638183593750e+01
6.752096557617187500e+01
9.439423370361328125e+01
8.609346771240234375e+01
6.710584259033203125e+01
6.106227874755859375e+01
7.623400878906250000e+01
9.503417205810546875e+01
6.917375183105468750e+01
6.226905059814453125e+01
8.549459838867187500e+01
9.398892211914062500e+01
6.862014770507812500e+01
6.652008056640625000e+01
9.274127960205078125e+01
8.684016418457031250e+01
6.693307495117187500e+01
7.834185028076171875e+01
9.045195007324218750e+01
7.132627105712890625e+01
6.011406707763671875e+01
7.302330017089843750e+01
8.961965179443359375e+01
7.369302368164062500e+01
6.183434295654296875e+01
7.963042449951171875e+01
9.849397277832031250e+01
7.163653564453125000e+01
6.966638183593750000e+01
9.600951385498046875e+01
8.188885498046875000e+01
6.673235321044921875e+01
7.902923583984375000e+01
8.635153198242187500e+01
6.930935668945312500e+01
6.319825744628906250e+01
6.777931213378906250e+01
8.062800598144531250e+01
7.360341644287109375e+01
5.877556228637695312e+01
5.784824371337890625e+01
8.710379028320312500e+01
8.446774291992187500e+01
6.078986358642578125e+01
7.188161468505859375e+01
1.057404785156250000e+02
7.335481262207031250e+01
7.576993560791015625e+01
1.012365417480468750e+02
7.194690704345703125e+01
5.868310928344726562e+01
7.999346160888671875e+01
8.616369628906250000e+01
6.208696365356445312e+01
5.305842971801757812e+01
6.794207000732421875e+01
8.434587097167968750e+01
7.324295806884765625e+01
5.509780502319335938e+01
4.816749191284179688e+01
8.063427734375000000e+01
9.703575134277343750e+01
5.830625152587890625e+01
6.793080139160156250e+01
1.238452453613281250e+02
6.803765106201171875e+01
9.272653198242187500e+01
1.108472137451171875e+02
6.203220367431640625e+01
8.913461303710937500e+01
1.190278472900390625e+02
6.903993225097656250e+01
1.091054229736328125e+02
8.592318725585937500e+01
5.488633728027343750e+01
5.791159820556640625e+01
1.057446975708007812e+02
7.493001556396484375e+01
5.470484924316406250e+01
9.323609161376953125e+01
9.262458038330078125e+01
6.222974395751953125e+01
7.076211547851562500e+01
1.034345245361328125e+02
7.578805541992187500e+01
6.777944946289062500e+01
1.007297973632812500e+02
8.999249267578125000e+01
8.251119995117187500e+01
8.982986450195312500e+01
8.037687683105468750e+01
7.751588439941406250e+01
7.533777618408203125e+01
6.837899780273437500e+01
6.639362335205078125e+01
6.141838073730468750e+01
5.544119262695312500e+01
5.976640319824218750e+01
6.129272460937500000e+01
5.113579559326171875e+01
5.422460937500000000e+01
5.925356292724609375e+01
5.415606689453125000e+01
6.242466354370117188e+01
7.287513732910156250e+01
6.372236251831054688e+01
5.604148483276367188e+01
6.167844390869140625e+01
6.791751861572265625e+01
7.171359252929687500e+01
7.129443359375000000e+01
6.389594268798828125e+01
5.968265914916992188e+01
7.017955017089843750e+01
8.407881164550781250e+01
6.538433837890625000e+01
4.994937133789062500e+01
5.543379974365234375e+01
8.776763916015625000e+01
7.862954711914062500e+01
5.087224960327148438e+01
4.073937225341796875e+01
4.237154388427734375e+01
5.331199645996093750e+01
1.003636856079101562e+02
7.538497924804687500e+01
4.705010223388671875e+01
4.018328857421875000e+01
5.770074081420898438e+01
1.089584503173828125e+02
6.393303680419921875e+01
4.289168930053710938e+01
7.660606384277343750e+01
1.136884689331054688e+02
6.047518157958984375e+01
8.375218963623046875e+01
1.176298828125000000e+02
6.773048400878906250e+01
9.987846374511718750e+01
9.435739135742187500e+01
6.574857330322265625e+01
7.709515380859375000e+01
1.063388671875000000e+02
7.949330139160156250e+01
7.893888854980468750e+01
9.919499206542968750e+01
8.563109588623046875e+01
8.665902709960937500e+01
8.668038940429687500e+01
7.789591217041015625e+01
7.125636291503906250e+01
7.839387512207031250e+01
7.757804870605468750e+01
6.574967956542968750e+01
6.378187561035156250e+01
7.389701843261718750e+01
6.632913208007812500e+01
5.654272079467773438e+01
6.031771850585937500e+01
7.144976043701171875e+01
6.289287185668945312e+01
4.871747207641601562e+01
5.279625701904296875e+01
5.571448135375976562e+01
6.056922912597656250e+01
7.211889648437500000e+01
6.419349670410156250e+01
5.020201873779296875e+01
4.973108291625976562e+01
5.401353073120117188e+01
6.413114166259765625e+01
8.635758209228515625e+01
6.834481811523437500e+01
4.427662658691406250e+01
4.931002044677734375e+01
8.984988403320312500e+01
8.247097015380859375e+01
4.750225830078125000e+01
5.085000610351562500e+01
1.034847412109375000e+02
7.323985290527343750e+01
5.034836578369140625e+01
7.638980865478515625e+01
1.055778961181640625e+02
6.695734405517578125e+01
7.361706542968750000e+01
1.012774810791015625e+02
7.088226318359375000e+01
6.755048370361328125e+01
9.377218627929687500e+01
7.326684570312500000e+01
6.023534393310546875e+01
7.130262756347656250e+01
8.535593414306640625e+01
7.150267028808593750e+01
5.849610900878906250e+01
7.386746215820312500e+01
8.641903686523437500e+01
6.552999877929687500e+01
6.416472625732421875e+01
8.734175872802734375e+01
7.926962280273437500e+01
6.580313110351562500e+01
7.751091003417968750e+01
8.509446716308593750e+01
6.745167541503906250e+01
6.614363098144531250e+01
7.951744079589843750e+01
7.702467346191406250e+01
6.210316467285156250e+01
6.478295898437500000e+01
8.353538513183593750e+01
7.499749755859375000e+01
6.229078674316406250e+01
7.387770080566406250e+01
8.704676818847656250e+01
6.662756347656250000e+01
6.327168273925781250e+01
8.334980773925781250e+01
7.609454345703125000e+01
6.018361663818359375e+01
6.662790679931640625e+01
8.147573852539062500e+01
7.005429077148437500e+01
5.844968414306640625e+01
6.631935882568359375e+01
7.811150360107421875e+01
6.575875854492187500e+01
5.493264770507812500e+01
6.419558715820312500e+01
8.088568878173828125e+01
6.617883300781250000e+01
5.353039550781250000e+01
6.812734985351562500e+01
8.734158325195312500e+01
6.545640563964843750e+01
5.988600158691406250e+01
8.648142242431640625e+01
8.118914794921875000e+01
6.298169708251953125e+01
7.316726684570312500e+01
8.392515563964843750e+01
6.609216308593750000e+01
5.615171051025390625e+01
6.974227905273437500e+01
8.109332275390625000e+01
6.530184936523437500e+01
5.394272994995117188e+01
5.921086883544921875e+01
9.191815185546875000e+01
7.401583862304687500e+01
6.163297653198242188e+01
8.963725280761718750e+01
8.478646850585937500e+01
6.282006072998046875e+01
7.544841003417968750e+01
8.248584747314453125e+01
5.998136901855468750e+01
5.635921859741210938e+01
7.342778015136718750e+01
6.996388244628906250e+01
5.507800292968750000e+01
4.985827636718750000e+01
5.367771911621093750e+01
7.128492736816406250e+01
7.066944885253906250e+01
5.350870513916015625e+01
4.427531433105468750e+01
4.371846008300781250e+01
5.345370483398437500e+01
7.469883728027343750e+01
8.049722290039062500e+01
5.327771759033203125e+01
3.963116455078125000e+01
5.074604797363281250e+01
8.508616638183593750e+01
8.202288818359375000e+01
5.073363494873046875e+01
4.273237609863281250e+01
8.319177246093750000e+01
9.871938323974609375e+01
5.627758789062500000e+01
7.580400085449218750e+01
1.103251800537109375e+02
6.106973266601562500e+01
8.121598815917968750e+01
1.044316406250000000e+02
6.101770782470703125e+01
7.778235626220703125e+01
1.136761169433593750e+02
6.535973358154296875e+01
9.663298034667968750e+01
8.285130310058593750e+01
5.448780059814453125e+01
6.105007171630859375e+01
1.026093826293945312e+02
6.844142150878906250e+01
6.503445434570312500e+01
1.177506790161132812e+02
7.604733276367187500e+01
1.035876159667968750e+02
7.922966003417968750e+01
6.022536468505859375e+01
7.117414093017578125e+01
9.428654479980468750e+01
6.929529571533203125e+01
6.577472686767578125e+01
1.007187500000000000e+02
7.395549011230468750e+01
7.510761260986328125e+01
9.610079956054687500e+01
6.804262542724609375e+01
7.754940795898437500e+01
8.903143310546875000e+01
6.505871582031250000e+01
6.664347076416015625e+01
7.729754638671875000e+01
6.821485900878906250e+01
5.582526016235351562e+01
5.906340789794921875e+01
6.887399291992187500e+01
6.029294586181640625e+01
5.186008453369140625e+01
4.764849472045898438e+01
5.203630828857421875e+01
5.841496276855468750e+01
6.370824432373046875e+01
6.329759597778320312e+01
5.078042602539062500e+01
4.472952651977539062e+01
4.861234283447265625e+01
5.271009063720703125e+01
7.137586975097656250e+01
7.688632965087890625e+01
5.012837600708007812e+01
4.049535751342773438e+01
6.284390258789062500e+01
8.779428100585937500e+01
5.932403564453125000e+01
4.191508483886718750e+01
5.908100128173828125e+01
9.824438476562500000e+01
5.976134872436523438e+01
4.822053146362304688e+01
9.878961944580078125e+01
7.390238952636718750e+01
5.358619308471679688e+01
8.290199279785156250e+01
8.195948791503906250e+01
5.795611572265625000e+01
6.115439605712890625e+01
9.047512054443359375e+01
7.029362487792968750e+01
6.061821365356445312e+01
9.037882232666015625e+01
7.622373962402343750e+01
6.562278747558593750e+01
8.414968109130859375e+01
7.324696350097656250e+01
6.358041381835937500e+01
7.024034881591796875e+01
7.008354187011718750e+01
6.092742156982421875e+01
5.628682708740234375e+01
6.358513641357421875e+01
6.628225708007812500e+01
5.266515350341796875e+01
4.762297821044921875e+01
5.547086715698242188e+01
6.259541320800781250e+01
5.632910156250000000e+01
5.290131378173828125e+01
5.369434356689453125e+01
5.119361877441406250e+01
5.593158340454101562e+01
6.550142669677734375e+01
6.065940093994140625e+01
5.203269195556640625e+01
4.901840591430664062e+01
5.708671569824218750e+01
7.018983459472656250e+01
6.406158447265625000e+01
4.868747711181640625e+01
4.618860244750976562e+01
5.221546173095703125e+01
7.263928222656250000e+01
7.375918579101562500e+01
4.778530120849609375e+01
3.814515686035156250e+01
4.425849151611328125e+01
6.654684448242187500e+01
9.513986968994140625e+01
5.528904342651367188e+01
4.736084365844726562e+01
1.149239196777343750e+02
6.363088989257812500e+01
7.834354400634765625e+01
1.175833587646484375e+02
6.354225921630859375e+01
1.215498657226562500e+02
5.412789916992187500e+01
6.251850891113281250e+01
1.176869812011718750e+02
5.078905105590820312e+01
9.636448669433593750e+01
9.292929840087890625e+01
5.257294464111328125e+01
9.147332000732421875e+01
8.891480255126953125e+01
5.668842697143554688e+01
7.178707122802734375e+01
1.000354003906250000e+02
6.627068328857421875e+01
7.790760040283203125e+01
9.633686065673828125e+01
6.868786621093750000e+01
8.100955963134765625e+01
8.718732452392578125e+01
6.785552215576171875e+01
6.769378662109375000e+01
8.449285888671875000e+01
6.864411163330078125e+01
6.247047424316406250e+01
8.157588195800781250e+01
6.730364227294921875e+01
5.697766494750976562e+01
8.003169250488281250e+01
6.458932495117187500e+01
5.581561279296875000e+01
8.466706848144531250e+01
6.946182250976562500e+01
5.746013641357421875e+01
9.375469970703125000e+01
7.355819702148437500e+01
7.565061187744140625e+01
9.205415344238281250e+01
7.086505126953125000e+01
8.037390136718750000e+01
7.579229736328125000e+01
6.278924179077148438e+01
6.467137145996093750e+01
6.525904846191406250e+01
5.969437408447265625e+01
5.743472671508789062e+01
5.055375671386718750e+01
4.997731781005859375e+01
5.920837402343750000e+01
5.019084167480468750e+01
4.623648071289062500e+01
4.632976531982421875e+01
4.285491943359375000e+01
4.297365570068359375e+01
4.826786804199218750e+01
5.785216140747070312e+01
7.210494995117187500e+01
6.232124328613281250e+01
4.352611541748046875e+01
3.738074493408203125e+01
4.048308563232421875e+01
4.340319061279296875e+01
7.766801452636718750e+01
8.135530090332031250e+01
4.799522781372070312e+01
5.135655212402343750e+01
1.150596313476562500e+02
5.950478363037109375e+01
8.718403625488281250e+01
9.147097015380859375e+01
5.127322387695312500e+01
6.619297790527343750e+01
1.038361053466796875e+02
5.212447357177734375e+01
7.792850494384765625e+01
1.091938781738281250e+02
5.901758956909179688e+01
1.089886932373046875e+02
6.612263488769531250e+01
6.076811981201171875e+01
9.823487854003906250e+01
6.492843627929687500e+01
7.075567626953125000e+01
9.650640869140625000e+01
6.066895294189453125e+01
7.568498992919921875e+01
9.330081176757812500e+01
5.829939270019531250e+01
7.306037139892578125e+01
9.238352203369140625e+01
6.249913787841796875e+01
7.399381256103515625e+01
9.190750122070312500e+01
6.455680847167968750e+01
7.674476623535156250e+01
8.334687805175781250e+01
6.581642150878906250e+01
6.793794250488281250e+01
7.596318817138671875e+01
6.351307678222656250e+01
5.862081909179687500e+01
7.128317260742187500e+01
5.860225677490234375e+01
5.606401062011718750e+01
6.577114868164062500e+01
5.452121734619140625e+01
4.844651794433593750e+01
5.271177291870117188e+01
5.352114105224609375e+01
4.883909225463867188e+01
4.920113372802734375e+01
5.157423400878906250e+01
4.994297790527343750e+01
5.703144073486328125e+01
5.743412017822265625e+01
4.817642211914062500e+01
5.269223022460937500e+01
5.177169799804687500e+01
5.602797698974609375e+01
6.254060363769531250e+01
5.330850982666015625e+01
4.693679428100585938e+01
5.205061340332031250e+01
5.405754089355468750e+01
6.342042922973632812e+01
6.260116958618164062e+01
4.553445434570312500e+01
3.995359039306640625e+01
3.890496826171875000e+01
3.723490524291992188e+01
4.205995941162109375e+01
5.957427215576171875e+01
8.378813171386718750e+01
5.343567657470703125e+01
3.550384521484375000e+01
6.478691864013671875e+01
9.355686187744140625e+01
5.055339813232421875e+01
5.644548416137695312e+01
1.159487533569335938e+02
6.235715866088867188e+01
1.040843811035156250e+02
6.114597320556640625e+01
4.749099349975585938e+01
5.852855682373046875e+01
9.437182617187500000e+01
6.212432098388671875e+01
6.046537780761718750e+01
1.023343353271484375e+02
6.557129669189453125e+01
7.843858337402343750e+01
8.800765228271484375e+01
5.871849441528320312e+01
7.263508605957031250e+01
8.549525451660156250e+01
5.821486663818359375e+01
6.285633468627929688e+01
8.616927337646484375e+01
6.358768081665039062e+01
6.122872543334960938e+01
8.263906097412109375e+01
6.856671142578125000e+01
6.166481399536132812e+01
7.487832641601562500e+01
6.874143981933593750e+01
5.813093948364257812e+01
6.025512695312500000e+01
6.575844573974609375e+01
5.840247344970703125e+01
4.989032745361328125e+01
5.499485397338867188e+01
6.319729614257812500e+01
5.616764831542968750e+01
4.399422836303710938e+01
4.383736419677734375e+01
5.356534576416015625e+01
5.835135650634765625e+01
5.533915328979492188e+01
4.925796508789062500e+01
4.334827423095703125e+01
4.279817962646484375e+01
4.913171005249023438e+01
6.065280151367187500e+01
6.474306488037109375e+01
5.340680313110351562e+01
4.204403686523437500e+01
4.067855834960937500e+01
4.944465637207031250e+01
7.297753143310546875e+01
6.623913574218750000e+01
4.045856475830078125e+01
3.541696929931640625e+01
5.257709503173828125e+01
8.617680358886718750e+01
5.662495040893554688e+01
3.743627166748046875e+01
3.941386032104492188e+01
7.863728332519531250e+01
7.822215270996093750e+01
4.467115783691406250e+01
5.042998886108398438e+01
1.039920196533203125e+02
5.198147583007812500e+01
6.502846527099609375e+01
1.125733642578125000e+02
5.343086242675781250e+01
1.144919891357421875e+02
4.946100997924804688e+01
5.442832183837890625e+01
1.121903228759765625e+02
4.754803848266601562e+01
9.586398315429687500e+01
7.858101654052734375e+01
4.511988067626953125e+01
7.734275817871093750e+01
9.259655761718750000e+01
5.518090438842773438e+01
7.973239898681640625e+01
8.648959350585937500e+01
6.166631317138671875e+01
7.016088104248046875e+01
8.276064300537109375e+01
6.585083007812500000e+01
6.044190216064453125e+01
7.975141906738281250e+01
6.887559509277343750e+01
5.811688232421875000e+01
8.097551727294921875e+01
7.180068969726562500e+01
6.217332839965820312e+01
7.428970336914062500e+01
7.239990234375000000e+01
6.257672882080078125e+01
6.601972961425781250e+01
6.731108856201171875e+01
5.907305526733398438e+01
5.843774032592773438e+01
6.438128662109375000e+01
5.503336334228515625e+01
5.026764678955078125e+01
5.947630310058593750e+01
5.757104492187500000e+01
4.394914627075195312e+01
4.448760986328125000e+01
5.170050048828125000e+01
4.967974853515625000e+01
4.821426010131835938e+01
5.203536224365234375e+01
5.012092208862304688e+01
4.543247222900390625e+01
4.844992065429687500e+01
5.367466354370117188e+01
5.423627471923828125e+01
5.320083618164062500e+01
5.173894500732421875e+01
4.835087966918945312e+01
5.128230285644531250e+01
5.655859756469726562e+01
5.818195724487304688e+01
5.106397247314453125e+01
4.409769439697265625e+01
4.884346008300781250e+01
6.185713958740234375e+01
5.792227172851562500e+01
4.873085021972656250e+01
4.457171249389648438e+01
5.454108428955078125e+01
6.766287231445312500e+01
5.336768722534179688e+01
4.032061004638671875e+01
4.370204162597656250e+01
5.756487274169921875e+01
7.232894897460937500e+01
5.003742980957031250e+01
3.512029266357421875e+01
3.527578735351562500e+01
3.650114822387695312e+01
6.087395477294921875e+01
8.469651794433593750e+01
4.762384414672851562e+01
3.776632308959960938e+01
8.433969116210937500e+01
7.422944641113281250e+01
4.843728637695312500e+01
7.156070709228515625e+01
8.814614868164062500e+01
6.074623107910156250e+01
6.978816986083984375e+01
7.537281799316406250e+01
6.239800262451171875e+01
5.733323669433593750e+01
6.992716979980468750e+01
6.637178802490234375e+01
5.623624801635742188e+01
5.870818328857421875e+01
6.446141052246093750e+01
5.840085983276367188e+01
4.863204193115234375e+01
5.247033691406250000e+01
6.451581573486328125e+01
5.364849853515625000e+01
4.241490936279296875e+01
5.256582260131835938e+01
6.354830932617187500e+01
5.129094314575195312e+01
3.990206909179687500e+01
4.542074584960937500e+01
5.647785568237304688e+01
5.718668746948242188e+01
5.255440139770507812e+01
4.515278625488281250e+01
4.055907440185546875e+01
4.306291198730468750e+01
5.336299133300781250e+01
6.880828094482421875e+01
5.838813400268554688e+01
3.812816238403320312e+01
3.467693328857421875e+01
3.921955108642578125e+01
5.809511566162109375e+01
8.521112060546875000e+01
4.990900421142578125e+01
4.164140319824218750e+01
9.144761657714843750e+01
6.317692565917968750e+01
4.834301757812500000e+01
8.180370330810546875e+01
6.905367279052734375e+01
5.319472503662109375e+01
6.361632919311523438e+01
7.191046905517578125e+01
5.786134338378906250e+01
4.742363357543945312e+01
7.302827453613281250e+01
7.041466522216796875e+01
5.258187866210937500e+01
7.018502807617187500e+01
7.307947540283203125e+01
5.586832046508789062e+01
6.040559387207031250e+01
7.067147827148437500e+01
5.933935546875000000e+01
5.129759979248046875e+01
6.090441131591796875e+01
6.356781768798828125e+01
5.025430297851562500e+01
4.807650756835937500e+01
5.956549835205078125e+01
5.900894165039062500e+01
4.536727142333984375e+01
4.345694732666015625e+01
5.354044723510742188e+01
5.944673156738281250e+01
5.100572204589843750e+01
3.994762802124023438e+01
3.948292541503906250e+01
4.006767272949218750e+01
3.551416778564453125e+01
3.560253143310546875e+01
3.569465637207031250e+01
3.366220855712890625e+01
3.780239868164062500e+01
5.747825241088867188e+01
8.525372314453125000e+01
4.852607727050781250e+01
3.754802322387695312e+01
8.573834228515625000e+01
7.198618316650390625e+01
5.004227066040039062e+01
6.196200180053710938e+01
8.465937805175781250e+01
6.156409454345703125e+01
5.957245254516601562e+01
8.278441619873046875e+01
6.464373779296875000e+01
5.660234451293945312e+01
7.803308105468750000e+01
6.444045257568359375e+01
5.515358734130859375e+01
6.888446807861328125e+01
6.478833007812500000e+01
5.097506713867187500e+01
5.355254364013671875e+01
6.552656555175781250e+01
5.451320648193359375e+01
4.425818252563476562e+01
5.111569976806640625e+01
5.535630798339843750e+01
5.064630126953125000e+01
4.693287658691406250e+01
4.114577102661132812e+01
4.100333023071289062e+01
4.134401702880859375e+01
3.804912567138671875e+01
4.850027465820312500e+01
6.174324798583984375e+01
6.117725372314453125e+01
5.001500701904296875e+01
3.804800415039062500e+01
3.975163650512695312e+01
5.130706024169921875e+01
7.249280548095703125e+01
5.985852050781250000e+01
3.950139999389648438e+01
3.266865158081054688e+01
3.254180145263671875e+01
3.257387924194335938e+01
5.009027481079101562e+01
9.179716491699218750e+01
4.662471771240234375e+01
3.742354965209960938e+01
9.278804016113281250e+01
5.957948303222656250e+01
4.248974609375000000e+01
6.419209289550781250e+01
8.670446777343750000e+01
5.591798400878906250e+01
5.751715469360351562e+01
8.621882629394531250e+01
6.241099548339843750e+01
5.859169006347656250e+01
8.101489257812500000e+01
6.316213226318359375e+01
5.950057220458984375e+01
7.602935791015625000e+01
6.119050598144531250e+01
5.517040252685546875e+01
7.017198944091796875e+01
6.513380432128906250e+01
5.228910827636718750e+01
6.121741485595703125e+01
6.930701446533203125e+01
5.320144653320312500e+01
5.087134552001953125e+01
6.637326049804687500e+01
5.867039489746093750e+01
4.455735015869140625e+01
5.117030715942382812e+01
6.360739898681640625e+01
5.423082351684570312e+01
4.299337768554687500e+01
4.354499816894531250e+01
5.461018371582031250e+01
5.905968475341796875e+01
4.868200683593750000e+01
4.023511123657226562e+01
4.006777954101562500e+01
4.007915878295898438e+01
4.881983947753906250e+01
6.910235595703125000e+01
6.108686065673828125e+01
3.882308197021484375e+01
3.889621734619140625e+01
7.702400970458984375e+01
6.855297851562500000e+01
4.206253814697265625e+01
5.871938323974609375e+01
9.479791259765625000e+01
5.792406845092773438e+01
7.186325073242187500e+01
8.034785461425781250e+01
5.436474609375000000e+01
5.973572540283203125e+01
8.496412658691406250e+01
5.811298370361328125e+01
5.741811370849609375e+01
8.419010162353515625e+01
6.203781509399414062e+01
5.891727447509765625e+01
8.076577758789062500e+01
6.192476654052734375e+01
5.775611495971679688e+01
7.586816406250000000e+01
6.345377349853515625e+01
5.738503265380859375e+01
7.197400665283203125e+01
6.619474792480468750e+01
5.497058105468750000e+01
6.238769912719726562e+01
6.778225708007812500e+01
5.370556640625000000e+01
5.157699584960937500e+01
6.442413330078125000e+01
5.829053115844726562e+01
4.601743698120117188e+01
5.217826080322265625e+01
6.228680419921875000e+01
5.356140136718750000e+01
4.300318908691406250e+01
4.385506439208984375e+01
5.750205230712890625e+01
6.077464294433593750e+01
4.756804275512695312e+01
3.800920867919921875e+01
3.985451889038085938e+01
4.921480941772460938e+01
5.777294158935546875e+01
5.713727188110351562e+01
4.627133941650390625e+01
3.871656036376953125e+01
3.926675033569335938e+01
4.974304199218750000e+01
6.856663513183593750e+01
5.903590011596679688e+01
3.872370910644531250e+01
3.159869766235351562e+01
4.233789062500000000e+01
7.921447753906250000e+01
6.016657257080078125e+01
3.752312469482421875e+01
3.908747100830078125e+01
8.359867858886718750e+01
6.148484420776367188e+01
3.928405761718750000e+01
5.376718902587890625e+01
9.365583038330078125e+01
5.046784973144531250e+01
6.530041503906250000e+01
9.121527099609375000e+01
5.169410324096679688e+01
6.777764892578125000e+01
8.729845428466796875e+01
5.610938262939453125e+01
6.744894409179687500e+01
8.176699829101562500e+01
5.466392517089843750e+01
6.008976745605468750e+01
8.468474578857421875e+01
5.691008758544921875e+01
6.284174346923828125e+01
8.750825500488281250e+01
6.069843292236328125e+01
6.758352661132812500e+01
7.991145324707031250e+01
6.424452209472656250e+01
6.463924407958984375e+01
7.078541564941406250e+01
6.766984558105468750e+01
5.835354995727539062e+01
6.529388427734375000e+01
6.900805664062500000e+01
5.583545684814453125e+01
5.885951232910156250e+01
6.469349670410156250e+01
5.193859481811523438e+01
5.136149215698242188e+01
5.832993316650390625e+01
5.026210784912109375e+01
4.449774551391601562e+01
4.545079803466796875e+01
4.664546203613281250e+01
4.540118026733398438e+01
4.452134704589843750e+01
4.531220245361328125e+01
4.454717254638671875e+01
4.890901947021484375e+01
5.240406799316406250e+01
4.895426559448242188e+01
4.616125869750976562e+01
4.589070892333984375e+01
4.859588623046875000e+01
5.472938156127929688e+01
5.260534667968750000e+01
4.755632019042968750e+01
4.522507095336914062e+01
4.619395065307617188e+01
5.739601898193359375e+01
5.818096160888671875e+01
4.153442382812500000e+01
3.876156616210937500e+01
4.236640930175781250e+01
5.326577377319335938e+01
7.011602020263671875e+01
5.078684234619140625e+01
3.290372467041015625e+01
4.888236999511718750e+01
7.850381469726562500e+01
5.191616821289062500e+01
3.464010620117187500e+01
5.831293487548828125e+01
8.601937866210937500e+01
5.081565856933593750e+01
6.032785415649414062e+01
9.611917114257812500e+01
5.858969879150390625e+01
8.230971527099609375e+01
6.304133605957031250e+01
4.555406188964843750e+01
4.573416900634765625e+01
6.324272155761718750e+01
6.423078155517578125e+01
4.370642852783203125e+01
4.469718170166015625e+01
6.485604095458984375e+01
6.005408096313476562e+01
4.069549560546875000e+01
4.366807174682617188e+01
6.769451141357421875e+01
5.985510253906250000e+01
3.866960906982421875e+01
4.586843109130859375e+01
7.405175781250000000e+01
5.546504974365234375e+01
4.025840759277343750e+01
5.776605987548828125e+01
7.649595642089843750e+01
5.184155273437500000e+01
5.265293884277343750e+01
7.924105834960937500e+01
6.314111709594726562e+01
5.570578002929687500e+01
7.066431427001953125e+01
6.048216247558593750e+01
4.960177993774414062e+01
5.417455291748046875e+01
5.885194778442382812e+01
5.156885528564453125e+01
4.389060974121093750e+01
4.291306304931640625e+01
5.088749313354492188e+01
5.557026672363281250e+01
4.620227432250976562e+01
3.803939819335937500e+01
3.624736404418945312e+01
3.973010253906250000e+01
4.153065872192382812e+01
5.653042221069335938e+01
6.755385589599609375e+01
4.382897186279296875e+01
3.534191894531250000e+01
6.202670669555664062e+01
8.128195953369140625e+01
4.757098388671875000e+01
5.914653778076171875e+01
9.180186462402343750e+01
5.389869689941406250e+01
7.079737091064453125e+01
7.816448974609375000e+01
5.212742233276367188e+01
5.985735702514648438e+01
8.408627319335937500e+01
6.264665222167968750e+01
6.363022613525390625e+01
7.480976867675781250e+01
5.873361968994140625e+01
5.914046478271484375e+01
7.379520416259765625e+01
6.089241027832031250e+01
5.363146209716796875e+01
6.845918273925781250e+01
6.358176040649414062e+01
5.338694763183593750e+01
6.365120697021484375e+01
6.135545349121093750e+01
5.002938842773437500e+01
5.489881134033203125e+01
6.156356811523437500e+01
5.067808532714843750e+01
4.460181427001953125e+01
5.045051193237304688e+01
5.587655639648437500e+01
4.610133361816406250e+01
3.875718688964843750e+01
4.153747558593750000e+01
4.248184967041015625e+01
4.726111602783203125e+01
5.314031982421875000e+01
5.132789611816406250e+01
4.725782775878906250e+01
3.973591613769531250e+01
4.040665054321289062e+01
5.147676086425781250e+01
5.993288421630859375e+01
5.044915771484375000e+01
3.827252197265625000e+01
3.617330932617187500e+01
4.582778930664062500e+01
6.539025878906250000e+01
5.932191085815429688e+01
3.946996307373046875e+01
3.102581405639648438e+01
3.627281570434570312e+01
5.824955749511718750e+01
7.859425354003906250e+01
4.332180404663085938e+01
4.138723754882812500e+01
9.726573181152343750e+01
5.000709152221679688e+01
6.830776977539062500e+01
9.922254943847656250e+01
5.319189834594726562e+01
1.049543228149414062e+02
4.132147979736328125e+01
5.781138610839843750e+01
1.022370758056640625e+02
4.705248260498046875e+01
1.010424957275390625e+02
4.516844940185546875e+01
4.353953552246093750e+01
8.559910583496093750e+01
4.928258514404296875e+01
3.851085662841796875e+01
6.632817077636718750e+01
7.300345611572265625e+01
4.541019058227539062e+01
5.223114013671875000e+01
8.915057373046875000e+01
5.480693817138671875e+01
6.780818176269531250e+01
8.119952392578125000e+01
5.387213897705078125e+01
6.717992401123046875e+01
7.515797424316406250e+01
5.577975463867187500e+01
5.790106201171875000e+01
7.557803344726562500e+01
6.147392654418945312e+01
5.760511398315429688e+01
7.238276672363281250e+01
6.165003204345703125e+01
5.616000747680664062e+01
6.690113830566406250e+01
5.915513992309570312e+01
5.236590957641601562e+01
6.198125457763671875e+01
6.050049591064453125e+01
4.806955337524414062e+01
4.824403762817382812e+01
5.906304931640625000e+01
5.000375747680664062e+01
4.007558059692382812e+01
4.405052947998046875e+01
4.959683990478515625e+01
5.099613952636718750e+01
4.440854263305664062e+01
3.942499923706054688e+01
3.799092102050781250e+01
3.664117050170898438e+01
4.047999572753906250e+01
5.398981475830078125e+01
6.028715515136718750e+01
4.577006912231445312e+01
3.195749282836914062e+01
3.354798126220703125e+01
4.200072479248046875e+01
6.520168304443359375e+01
6.514075469970703125e+01
3.963339996337890625e+01
3.503303527832031250e+01
8.072840881347656250e+01
6.102787780761718750e+01
4.159212112426757812e+01
7.190592956542968750e+01
7.105023193359375000e+01
5.266246795654296875e+01
5.870121765136718750e+01
6.445984649658203125e+01
6.011183929443359375e+01
5.007246017456054688e+01
5.410095977783203125e+01
6.556789398193359375e+01
5.446231079101562500e+01
4.971556091308593750e+01
6.115818786621093750e+01
5.936780548095703125e+01
5.000118637084960938e+01
4.912769317626953125e+01
5.790567779541015625e+01
5.662323760986328125e+01
4.710309219360351562e+01
4.535239028930664062e+01
6.085758972167968750e+01
5.728969192504882812e+01
4.642890548706054688e+01
4.975049591064453125e+01
6.932351684570312500e+01
5.782708740234375000e+01
5.321984863281250000e+01
6.409586334228515625e+01
6.381156158447265625e+01
5.220992279052734375e+01
5.692562866210937500e+01
6.200288391113281250e+01
5.184375000000000000e+01
4.422384643554687500e+01
5.054141998291015625e+01
6.090737915039062500e+01
5.183263397216796875e+01
4.388355255126953125e+01
4.735995864868164062e+01
6.006285095214843750e+01
5.410245513916015625e+01
4.353647613525390625e+01
4.697515487670898438e+01
6.605067443847656250e+01
5.793352508544921875e+01
4.626158905029296875e+01
5.429381179809570312e+01
6.738906097412109375e+01
5.467591857910156250e+01
4.815660858154296875e+01
6.158018112182617188e+01
6.268851470947265625e+01
4.840854644775390625e+01
4.353967285156250000e+01
5.904847717285156250e+01
6.235563278198242188e+01
4.490292358398437500e+01
4.571144104003906250e+01
6.665011596679687500e+01
5.737766647338867188e+01
4.432888412475585938e+01
5.173445892333984375e+01
6.532517242431640625e+01
5.193370819091796875e+01
4.217389297485351562e+01
5.421684646606445312e+01
6.686120605468750000e+01
4.932326507568359375e+01
4.554733276367187500e+01
6.737854766845703125e+01
5.970157241821289062e+01
4.633255767822265625e+01
5.679421615600585938e+01
6.459472656250000000e+01
5.054212188720703125e+01
4.521441650390625000e+01
5.295420074462890625e+01
5.792702484130859375e+01
4.976307296752929688e+01
4.189018249511718750e+01
4.151989746093750000e+01
5.685928344726562500e+01
5.711042785644531250e+01
4.066797256469726562e+01
3.880168151855468750e+01
5.868710708618164062e+01
6.555748748779296875e+01
4.454252624511718750e+01
4.750393295288085938e+01
7.698979187011718750e+01
5.750053405761718750e+01
4.962616729736328125e+01
6.831886291503906250e+01
5.921825790405273438e+01
4.255825042724609375e+01
4.751641082763671875e+01
6.388182830810546875e+01
5.108058929443359375e+01
3.834079742431640625e+01
4.095282745361328125e+01
5.622922515869140625e+01
6.081184005737304688e+01
4.318642425537109375e+01
3.665325927734375000e+01
5.678016662597656250e+01
6.725634765625000000e+01
4.580149841308593750e+01
4.299748229980468750e+01
7.001172637939453125e+01
6.165210723876953125e+01
4.705612182617187500e+01
6.185855102539062500e+01
6.394048309326171875e+01
4.884487915039062500e+01
4.555469894409179688e+01
6.253240203857421875e+01
5.734939956665039062e+01
4.429097366333007812e+01
5.161325454711914062e+01
6.287183380126953125e+01
5.264540100097656250e+01
4.314895629882812500e+01
5.250601577758789062e+01
6.442414093017578125e+01
4.876458358764648438e+01
4.381420516967773438e+01
5.958470153808593750e+01
5.925902175903320312e+01
4.630032348632812500e+01
4.325867843627929688e+01
5.535703659057617188e+01
6.258513641357421875e+01
4.691847229003906250e+01
4.574573516845703125e+01
6.826540374755859375e+01
5.973701858520507812e+01
4.819078826904296875e+01
5.953993988037109375e+01
6.019277954101562500e+01
4.942253112792968750e+01
4.458476638793945312e+01
4.972541809082031250e+01
6.358746337890625000e+01
5.399589538574218750e+01
4.446445465087890625e+01
5.227521896362304688e+01
7.080869293212890625e+01
5.360789489746093750e+01
5.026226043701171875e+01
6.680197906494140625e+01
5.797683715820312500e+01
4.321645355224609375e+01
5.074836730957031250e+01
6.065575027465820312e+01
4.749067687988281250e+01
3.997375106811523438e+01
3.989354705810546875e+01
4.920610427856445312e+01
6.098757934570312500e+01
4.705221557617187500e+01
3.576645278930664062e+01
4.619708251953125000e+01
6.907615661621093750e+01
5.143604278564453125e+01
4.154863357543945312e+01
6.426552581787109375e+01
6.967709350585937500e+01
4.829841613769531250e+01
5.855781173706054688e+01
6.849708557128906250e+01
4.966275405883789062e+01
4.496652984619140625e+01
6.568199157714843750e+01
5.898611450195312500e+01
4.431672286987304688e+01
5.603121185302734375e+01
6.322186279296875000e+01
4.898575973510742188e+01
4.522979736328125000e+01
5.283859252929687500e+01
5.741358947753906250e+01
4.720697021484375000e+01
4.056372833251953125e+01
5.175453948974609375e+01
6.005041503906250000e+01
4.470573043823242188e+01
3.688166046142578125e+01
5.042734146118164062e+01
6.142285156250000000e+01
4.552685546875000000e+01
3.600630569458007812e+01
4.996273040771484375e+01
7.242969512939453125e+01
4.971203613281250000e+01
4.549268341064453125e+01
7.542221069335937500e+01
6.050823974609375000e+01
5.075566482543945312e+01
6.734570312500000000e+01
5.623637771606445312e+01
4.386946868896484375e+01
5.265146255493164062e+01
5.981416320800781250e+01
4.592364501953125000e+01
3.897356796264648438e+01
4.805964279174804688e+01
5.594388580322265625e+01
4.956715393066406250e+01
3.832928466796875000e+01
3.550529479980468750e+01
4.833068084716796875e+01
6.077350997924804688e+01
4.686676788330078125e+01
3.457976913452148438e+01
3.741231918334960938e+01
6.503103637695312500e+01
6.193994140625000000e+01
3.942257308959960938e+01
4.901282119750976562e+01
8.455857086181640625e+01
5.044902420043945312e+01
6.110948944091796875e+01
7.776878356933593750e+01
4.820495986938476562e+01
6.061051177978515625e+01
8.133917236328125000e+01
5.324307250976562500e+01
6.756410217285156250e+01
6.730186462402343750e+01
5.116175079345703125e+01
5.114538955688476562e+01
7.241510009765625000e+01
5.979407882690429688e+01
5.396533203125000000e+01
7.405651855468750000e+01
6.058817291259765625e+01
5.907066345214843750e+01
6.672013854980468750e+01
5.878173828125000000e+01
5.329405975341796875e+01
5.869851684570312500e+01
5.584666442871093750e+01
4.718826293945312500e+01
5.031383132934570312e+01
5.392823028564453125e+01
4.325809478759765625e+01
4.304039764404296875e+01
4.385019683837890625e+01
4.064642333984375000e+01
4.136123657226562500e+01
4.073785400390625000e+01
4.082693099975585938e+01
4.128381347656250000e+01
4.590831756591796875e+01
4.959228515625000000e+01
4.502333831787109375e+01
4.031247329711914062e+01
3.999983978271484375e+01
4.051647186279296875e+01
4.792431640625000000e+01
5.382749938964843750e+01
4.559069442749023438e+01
3.610452270507812500e+01
3.804182052612304688e+01
4.819612884521484375e+01
5.915668487548828125e+01
4.845200347900390625e+01
3.358106994628906250e+01
3.174980545043945312e+01
3.088797760009765625e+01
3.384312820434570312e+01
5.049206924438476562e+01
7.096517944335937500e+01
4.562067031860351562e+01
3.031891632080078125e+01
6.487940216064453125e+01
7.392356872558593750e+01
4.475270080566406250e+01
5.927438735961914062e+01
7.836022949218750000e+01
5.231921386718750000e+01
5.650854492187500000e+01
7.081298828125000000e+01
5.515090179443359375e+01
5.116667556762695312e+01
6.886408996582031250e+01
5.661515426635742188e+01
4.857713317871093750e+01
6.034696960449218750e+01
5.809082031250000000e+01
4.466702270507812500e+01
4.952174758911132812e+01
6.161176681518554688e+01
4.688362121582031250e+01
4.191716766357421875e+01
5.735098266601562500e+01
5.592527389526367188e+01
4.102487945556640625e+01
4.137451171875000000e+01
5.485211944580078125e+01
5.244057846069335938e+01
3.899748229980468750e+01
3.799320220947265625e+01
4.669789123535156250e+01
5.194366836547851562e+01
4.429151153564453125e+01
3.667277526855468750e+01
3.511648559570312500e+01
3.481617736816406250e+01
4.002059936523437500e+01
5.666419982910156250e+01
5.824124145507812500e+01
3.996260452270507812e+01
2.949041748046875000e+01
3.272677993774414062e+01
5.608900833129882812e+01
7.028155517578125000e+01
4.036922454833984375e+01
3.490556335449218750e+01
7.927533721923828125e+01
5.695513153076171875e+01
4.148518371582031250e+01
6.568170928955078125e+01
6.904171752929687500e+01
4.739402770996093750e+01
5.437059020996093750e+01
6.945655822753906250e+01
5.144753646850585938e+01
4.515137481689453125e+01
6.244770050048828125e+01
5.880788421630859375e+01
4.460495376586914062e+01
5.358806228637695312e+01
6.005426025390625000e+01
4.835983276367187500e+01
4.240793609619140625e+01
4.927172851562500000e+01
5.655802154541015625e+01
4.415583801269531250e+01
3.865100860595703125e+01
5.373775482177734375e+01
5.911354064941406250e+01
4.316087341308593750e+01
3.981756973266601562e+01
5.902706146240234375e+01
6.298549652099609375e+01
4.386611938476562500e+01
5.068333816528320312e+01
7.466313171386718750e+01
5.243627929687500000e+01
5.735084533691406250e+01
6.887489318847656250e+01
4.855562210083007812e+01
4.836884307861328125e+01
6.339516448974609375e+01
5.222855758666992188e+01
4.110736083984375000e+01
4.812767028808593750e+01
6.112011718750000000e+01
4.726577758789062500e+01
3.791841506958007812e+01
5.119149780273437500e+01
6.361818695068359375e+01
4.412392425537109375e+01
4.045675659179687500e+01
6.294519424438476562e+01
6.228097534179687500e+01
4.503093719482421875e+01
5.200293350219726562e+01
6.688792419433593750e+01
5.255139160156250000e+01
4.601487731933593750e+01
5.891329193115234375e+01
6.003321838378906250e+01
4.661246490478515625e+01
4.584269714355468750e+01
5.543365859985351562e+01
5.621244812011718750e+01
4.566195678710937500e+01
4.137575531005859375e+01
5.536666488647460938e+01
6.281315994262695312e+01
4.644861602783203125e+01
4.780490875244140625e+01
6.164973068237304688e+01
5.448503112792968750e+01
4.510619354248046875e+01
4.950231933593750000e+01
5.913691711425781250e+01
5.333007049560546875e+01
4.364864730834960938e+01
4.806807708740234375e+01
6.599243164062500000e+01
5.387629318237304688e+01
4.801313400268554688e+01
6.037694549560546875e+01
5.804270172119140625e+01
4.487293243408203125e+01
4.425474166870117188e+01
5.302585601806640625e+01
5.585150527954101562e+01
4.499304199218750000e+01
4.024504852294921875e+01
5.035815429687500000e+01
6.545697784423828125e+01
4.966442108154296875e+01
4.616407775878906250e+01
6.602951812744140625e+01
5.894065093994140625e+01
4.487878417968750000e+01
5.558866119384765625e+01
6.150349426269531250e+01
4.366877365112304688e+01
4.074887466430664062e+01
5.287052154541015625e+01
5.212093353271484375e+01
4.235798263549804688e+01
3.652889251708984375e+01
3.346265411376953125e+01
4.114392852783203125e+01
5.519269943237304688e+01
5.139883422851562500e+01
3.583007049560546875e+01
3.047259330749511719e+01
3.946416091918945312e+01
5.955304336547851562e+01
5.632246398925781250e+01
3.547937774658203125e+01
3.293974304199218750e+01
6.517527770996093750e+01
6.463979339599609375e+01
4.052810668945312500e+01
5.362354660034179688e+01
7.819125366210937500e+01
4.875141143798828125e+01
5.928493499755859375e+01
7.362362670898437500e+01
5.217805480957031250e+01
5.478097534179687500e+01
7.229637145996093750e+01
5.711038208007812500e+01
5.863278961181640625e+01
6.419718933105468750e+01
5.209103012084960938e+01
4.887674713134765625e+01
6.048780822753906250e+01
5.498378753662109375e+01
4.171395111083984375e+01
5.193722534179687500e+01
5.967268371582031250e+01
4.295585250854492188e+01
4.146884155273437500e+01
5.534738922119140625e+01
5.162724304199218750e+01
3.947680282592773438e+01
3.850859832763671875e+01
4.988970184326171875e+01
4.871797180175781250e+01
3.820106506347656250e+01
3.442978668212890625e+01
3.358914566040039062e+01
3.785375595092773438e+01
4.611300277709960938e+01
5.552043151855468750e+01
4.833750915527343750e+01
3.340419769287109375e+01
3.076041030883789062e+01
3.475283050537109375e+01
4.735275650024414062e+01
6.493067932128906250e+01
4.592550659179687500e+01
3.149005126953125000e+01
4.551847839355468750e+01
8.053749084472656250e+01
4.579813385009765625e+01
5.308470153808593750e+01
8.521867370605468750e+01
4.715640640258789062e+01
6.693460083007812500e+01
6.659097290039062500e+01
4.073634338378906250e+01
4.237213134765625000e+01
7.399508666992187500e+01
5.069385528564453125e+01
4.093479919433593750e+01
7.338784027099609375e+01
5.595737457275390625e+01
4.644910049438476562e+01
7.278775024414062500e+01
5.471680831909179688e+01
4.835395812988281250e+01
6.470295715332031250e+01
5.596000671386718750e+01
4.549940490722656250e+01
5.418112182617187500e+01
6.048839187622070312e+01
4.579192733764648438e+01
4.466359710693359375e+01
6.152705383300781250e+01
5.169176101684570312e+01
4.144159698486328125e+01
5.488647460937500000e+01
5.888556671142578125e+01
4.426678466796875000e+01
4.180518341064453125e+01
5.613115692138671875e+01
5.756385040283203125e+01
4.208138275146484375e+01
4.288881683349609375e+01
6.227368545532226562e+01
5.252593612670898438e+01
4.231996154785156250e+01
5.465073394775390625e+01
6.189692687988281250e+01
4.695668029785156250e+01
4.560610198974609375e+01
6.103438568115234375e+01
5.611231231689453125e+01
4.485560989379882812e+01
5.329114532470703125e+01
5.977908325195312500e+01
4.599377441406250000e+01
4.188648986816406250e+01
5.421272277832031250e+01
5.411337280273437500e+01
4.215928268432617188e+01
3.995059204101562500e+01
5.234359741210937500e+01
5.864076232910156250e+01
4.363475799560546875e+01
4.070295333862304688e+01
6.385906982421875000e+01
5.789714431762695312e+01
4.779808807373046875e+01
5.891331481933593750e+01
5.315757751464843750e+01
4.362786102294921875e+01
4.037351608276367188e+01
4.595626068115234375e+01
5.525325775146484375e+01
4.686077880859375000e+01
3.823029327392578125e+01
4.064931106567382812e+01
6.550064086914062500e+01
5.519206237792968750e+01
4.490199279785156250e+01
6.259066009521484375e+01
5.840224456787109375e+01
4.206066894531250000e+01
4.572531127929687500e+01
6.145701599121093750e+01
4.820605468750000000e+01
3.652244567871093750e+01
4.332364654541015625e+01
5.688805007934570312e+01
5.068681335449218750e+01
3.818065261840820312e+01
3.611745452880859375e+01
5.656373596191406250e+01
6.189597320556640625e+01
4.285550689697265625e+01
4.771014404296875000e+01
7.107323455810546875e+01
5.142106628417968750e+01
4.831337738037109375e+01
6.521596527099609375e+01
5.322843551635742188e+01
4.214559936523437500e+01
5.435367202758789062e+01
5.870031738281250000e+01
4.291967773437500000e+01
4.191900253295898438e+01
6.074932861328125000e+01
5.159843063354492188e+01
4.005084991455078125e+01
5.297416687011718750e+01
6.312496185302734375e+01
4.625340652465820312e+01
4.416726684570312500e+01
6.404959869384765625e+01
5.552724456787109375e+01
4.537566375732421875e+01
5.944853973388671875e+01
6.072352981567382812e+01
4.996545410156250000e+01
5.013663101196289062e+01
5.576858520507812500e+01
5.228710174560546875e+01
4.488142776489257812e+01
4.624029922485351562e+01
5.644946289062500000e+01
4.928956604003906250e+01
4.091081237792968750e+01
5.129881286621093750e+01
5.876406860351562500e+01
4.525653076171875000e+01
4.709600830078125000e+01
5.684411621093750000e+01
5.037711334228515625e+01
4.164867019653320312e+01
4.339913177490234375e+01
5.636790847778320312e+01
5.476689910888671875e+01
4.255006790161132812e+01
4.771218872070312500e+01
6.182426452636718750e+01
4.906076049804687500e+01
4.423579406738281250e+01
5.477523803710937500e+01
5.534665298461914062e+01
4.428144073486328125e+01
4.152079391479492188e+01
5.114271163940429688e+01
5.602658081054687500e+01
4.485841369628906250e+01
4.069640350341796875e+01
4.996273040771484375e+01
5.794808959960937500e+01
4.692072296142578125e+01
4.116721343994140625e+01
5.261059570312500000e+01
6.033417892456054688e+01
4.424813842773437500e+01
4.583906173706054688e+01
5.661708831787109375e+01
4.984058380126953125e+01
4.067942810058593750e+01
3.785199737548828125e+01
4.714804077148437500e+01
6.012355804443359375e+01
4.548085021972656250e+01
3.773591613769531250e+01
5.662606811523437500e+01
6.015517425537109375e+01
4.321168518066406250e+01
4.422190093994140625e+01
5.472443008422851562e+01
5.012472915649414062e+01
4.125878906250000000e+01
3.876789093017578125e+01
4.370791244506835938e+01
5.793753814697265625e+01
4.858264923095703125e+01
3.739281845092773438e+01
5.532809448242187500e+01
6.471559143066406250e+01
4.356202697753906250e+01
5.044645690917968750e+01
6.248601150512695312e+01
4.401443862915039062e+01
3.832945251464843750e+01
5.023201751708984375e+01
5.107662200927734375e+01
3.951273345947265625e+01
3.483933639526367188e+01
3.404718780517578125e+01
3.799244689941406250e+01
5.014486694335937500e+01
4.798313522338867188e+01
3.383594512939453125e+01
3.152436828613281250e+01
3.005437850952148438e+01
3.368367767333984375e+01
4.977144622802734375e+01
6.113243865966796875e+01
3.978672027587890625e+01
2.818548011779785156e+01
4.171599197387695312e+01
7.605278778076171875e+01
4.378639221191406250e+01
4.149441528320312500e+01
8.239254760742187500e+01
4.422638702392578125e+01
5.072254943847656250e+01
8.138963317871093750e+01
4.447367095947265625e+01
6.303361129760742188e+01
7.177547454833984375e+01
4.524498748779296875e+01
5.890951538085937500e+01
6.932383728027343750e+01
4.760342025756835938e+01
5.472016525268554688e+01
7.029247283935546875e+01
5.250241470336914062e+01
5.239585876464843750e+01
6.163853454589843750e+01
5.497901535034179688e+01
4.889872741699218750e+01
5.960755157470703125e+01
5.405092620849609375e+01
4.619293212890625000e+01
5.386635208129882812e+01
5.493652343750000000e+01
4.513624191284179688e+01
4.774076843261718750e+01
5.310775756835937500e+01
4.509986114501953125e+01
3.934454345703125000e+01
4.847633361816406250e+01
5.118730926513671875e+01
4.068939590454101562e+01
3.666000366210937500e+01
4.482880401611328125e+01
4.833308410644531250e+01
3.800164031982421875e+01
3.210649871826171875e+01
3.231240844726562500e+01
3.262946319580078125e+01
3.823224639892578125e+01
5.191761779785156250e+01
5.310182952880859375e+01
3.582419586181640625e+01
2.799614715576171875e+01
3.809583282470703125e+01
6.347630310058593750e+01
4.961211395263671875e+01
3.084189224243164062e+01
3.629886627197265625e+01
7.246308135986328125e+01
4.581336975097656250e+01
3.471407318115234375e+01
6.569638061523437500e+01
5.900963592529296875e+01
4.044766235351562500e+01
4.710279846191406250e+01
6.588636779785156250e+01
4.989652252197265625e+01
4.309758758544921875e+01
6.547465515136718750e+01
5.619017028808593750e+01
4.629169845581054688e+01
5.892238616943359375e+01
5.470697402954101562e+01
4.524949645996093750e+01
4.693406295776367188e+01
5.443578338623046875e+01
4.794139480590820312e+01
4.046312713623046875e+01
4.476610565185546875e+01
5.335580444335937500e+01
4.818063735961914062e+01
3.775335693359375000e+01
4.142301559448242188e+01
5.804320526123046875e+01
4.715839004516601562e+01
3.801807785034179688e+01
5.146795654296875000e+01
6.146418380737304688e+01
4.588196945190429688e+01
4.513957977294921875e+01
5.982652282714843750e+01
5.423703765869140625e+01
4.289569091796875000e+01
5.086161041259765625e+01
5.896092224121093750e+01
4.553324127197265625e+01
4.034326934814453125e+01
4.705722427368164062e+01
5.133825302124023438e+01
4.518219757080078125e+01
3.679678344726562500e+01
3.760130310058593750e+01
5.447236633300781250e+01
4.988447570800781250e+01
3.706419754028320312e+01
4.165063858032226562e+01
6.085094833374023438e+01
5.161520004272460938e+01
4.141150665283203125e+01
5.688269805908203125e+01
6.088184356689453125e+01
4.423580932617187500e+01
4.788445281982421875e+01
5.888890075683593750e+01
4.623771667480468750e+01
3.741970825195312500e+01
4.549338912963867188e+01
5.268257904052734375e+01
4.407812118530273438e+01
3.592838287353515625e+01
3.394195556640625000e+01
4.187225341796875000e+01
5.507270050048828125e+01
4.647006607055664062e+01
3.358607482910156250e+01
4.044918060302734375e+01
6.576236724853515625e+01
4.897245407104492188e+01
4.058467102050781250e+01
6.432109832763671875e+01
5.620968627929687500e+01
4.258322143554687500e+01
5.491783142089843750e+01
5.814274978637695312e+01
4.319742584228515625e+01
4.188780975341796875e+01
5.581795501708984375e+01
5.103882217407226562e+01
3.901410675048828125e+01
4.783837890625000000e+01
5.922485351562500000e+01
4.684020614624023438e+01
4.265855789184570312e+01
5.201525878906250000e+01
5.693183135986328125e+01
4.591242218017578125e+01
4.582040023803710938e+01
5.583193969726562500e+01
5.329097747802734375e+01
4.637954711914062500e+01
4.675437545776367188e+01
5.276367187500000000e+01
4.834749984741210938e+01
4.242176818847656250e+01
4.583720397949218750e+01
5.310907745361328125e+01
4.577735900878906250e+01
3.874741363525390625e+01
4.912332153320312500e+01
5.999674224853515625e+01
4.434515762329101562e+01
4.501686859130859375e+01
6.013437271118164062e+01
5.086122131347656250e+01
4.250481414794921875e+01
5.161748123168945312e+01
5.517839813232421875e+01
4.388448333740234375e+01
3.914865493774414062e+01
4.170548629760742188e+01
5.606930541992187500e+01
5.266314697265625000e+01
4.095647430419921875e+01
4.798262023925781250e+01
6.258885192871093750e+01
4.826975631713867188e+01
4.582997894287109375e+01
5.682850646972656250e+01
5.002901840209960938e+01
3.824365997314453125e+01
3.974358367919921875e+01
4.740319061279296875e+01
4.852401351928710938e+01
4.167891693115234375e+01
3.366257476806640625e+01
3.258666229248046875e+01
4.293674468994140625e+01
5.094007873535156250e+01
4.058141326904296875e+01
3.048545837402343750e+01
3.014268302917480469e+01
4.132213592529296875e+01
5.829140472412109375e+01
4.478194427490234375e+01
2.996915817260742188e+01
3.544061279296875000e+01
6.963131713867187500e+01
4.745793151855468750e+01
3.638290405273437500e+01
6.623717498779296875e+01
5.522062683105468750e+01
3.922225570678710938e+01
5.222140121459960938e+01
5.728804397583007812e+01
4.181683349609375000e+01
3.723178482055664062e+01
5.265341949462890625e+01
5.147856140136718750e+01
3.559107208251953125e+01
3.971025466918945312e+01
5.791641998291015625e+01
4.571460723876953125e+01
3.486494445800781250e+01
4.422402191162109375e+01
5.702095031738281250e+01
4.288854980468750000e+01
3.441794204711914062e+01
4.681824111938476562e+01
5.966032028198242188e+01
4.237950515747070312e+01
3.545402908325195312e+01
5.693870544433593750e+01
5.979512786865234375e+01
4.227954864501953125e+01
5.044626235961914062e+01
5.948315429687500000e+01
4.632138061523437500e+01
4.227925872802734375e+01
5.030553054809570312e+01
5.314558029174804688e+01
4.218866348266601562e+01
3.811554718017578125e+01
4.680926513671875000e+01
5.327454376220703125e+01
4.333457565307617188e+01
3.683614730834960938e+01
4.543672180175781250e+01
6.180007171630859375e+01
4.512617492675781250e+01
4.231353378295898438e+01
6.085076141357421875e+01
5.191505813598632812e+01
4.148397064208984375e+01
4.952524185180664062e+01
5.457320785522460938e+01
4.371135711669921875e+01
3.641639709472656250e+01
4.485563278198242188e+01
5.411440277099609375e+01
4.262724304199218750e+01
3.583098602294921875e+01
3.798204421997070312e+01
5.219032287597656250e+01
5.405831909179687500e+01
3.875724411010742188e+01
4.159983825683593750e+01
6.202560424804687500e+01
4.993376922607421875e+01
4.206116867065429688e+01
5.663579559326171875e+01
5.235982894897460938e+01
4.074638748168945312e+01
4.159381103515625000e+01
5.216469573974609375e+01
4.876519393920898438e+01
3.677125549316406250e+01
3.987960815429687500e+01
5.050211334228515625e+01
4.709656524658203125e+01
3.927493286132812500e+01
3.317307281494140625e+01
3.749713134765625000e+01
5.723924636840820312e+01
4.822075271606445312e+01
3.446321105957031250e+01
4.820802307128906250e+01
6.934107971191406250e+01
4.585290527343750000e+01
5.026157379150390625e+01
6.320867156982421875e+01
4.691906738281250000e+01
3.929243850708007812e+01
5.920359420776367188e+01
5.324776458740234375e+01
3.879660034179687500e+01
4.937871551513671875e+01
6.284491729736328125e+01
4.550606155395507812e+01
4.577710723876953125e+01
6.041303634643554688e+01
5.108826446533203125e+01
4.435964965820312500e+01
5.214359283447265625e+01
5.192000198364257812e+01
4.508335113525390625e+01
4.014196395874023438e+01
4.416259002685546875e+01
5.139095306396484375e+01
4.153360366821289062e+01
3.553601074218750000e+01
4.746776962280273438e+01
5.263011169433593750e+01
3.872099304199218750e+01
3.645751190185546875e+01
5.594668579101562500e+01
5.195734405517578125e+01
3.739845275878906250e+01
4.986436462402343750e+01
